100
8 1
3
20 3
3 6 14
1 1
1
2 2
1 2
3 3
1 2 3
4 4
1 2 3 4
5 5
1 2 3 4 5
8 1
4
68 3
18 49 53
80 3
24 57 66
19 3
1 6 10
73 1
5
5 4
1 2 3 5
85 2
17 28
49 2
26 42
100 4
21 45 64 74
41 2
1 40
3 1
3
25 3
4 13 14
90 2
13 24
97 2
40 53
35 5
1 2 13 30 35
61 5
26 30 31 41 60
16 3
1 3 10
34 4
12 15 22 26
36 3
2 10 36
57 3
24 54 56
100 5
6 11 27 66 68
100 5
25 47 75 83 99
100 5
7 16 45 78 99
100 5
16 31 49 57 72
100 5
8 54 61 91 95
100 5
28 36 61 62 71
100 5
33 51 62 85 94
100 5
1 13 36 59 94
100 5
14 88 90 92 99
100 5
14 18 38 48 63
100 5
21 27 45 75 80
100 5
8 15 47 87 93
100 5
48 54 72 74 93
100 5
26 41 51 53 58
100 5
24 42 82 90 94
100 5
3 40 41 51 55
100 5
36 49 60 77 81
100 5
4 8 21 23 95
100 5
13 18 19 66 91
100 5
11 16 27 59 78
100 5
4 5 23 28 39
100 5
7 22 31 52 97
100 5
32 35 36 44 58
100 5
4 32 43 47 89
100 5
6 34 65 69 86
100 5
11 44 61 90 96
100 5
7 12 29 50 63
100 5
10 11 26 59 68
100 5
33 42 60 94 95
100 5
25 28 37 83 90
100 5
33 78 84 96 100
100 5
29 31 34 42 45
100 5
34 43 49 87 98
100 5
17 42 60 71 82
100 5
7 14 21 53 66
100 5
31 50 85 89 100
100 5
10 18 53 58 84
100 5
65 68 71 84 91
100 5
19 47 58 77 98
100 5
6 17 22 41 63
100 5
4 9 38 51 87
100 5
8 27 45 53 96
100 5
18 37 46 65 72
100 5
1 6 36 55 91
100 5
5 15 47 51 77
100 5
21 37 61 66 87
100 5
21 26 29 77 99
100 5
36 44 70 81 83
100 5
3 40 48 58 69
100 5
17 37 65 82 90
100 5
45 48 62 91 93
100 5
23 29 34 60 95
100 5
9 40 48 81 89
100 5
4 24 45 56 83
100 5
14 15 24 26 27
100 5
42 58 68 85 97
100 5
18 54 57 77 96
100 5
25 31 52 71 74
100 5
4 21 63 65 71
100 5
38 52 67 94 97
100 5
7 28 42 46 71
100 5
13 22 26 38 83
100 5
9 22 39 50 76
100 5
3 21 47 60 71
100 5
57 64 65 67 85
100 5
5 9 35 54 57
100 5
8 21 36 50 99
100 5
33 67 68 77 85
100 5
38 55 58 82 88
100 5
4 10 51 66 77
100 5
12 13 14 70 76
100 5
15 26 32 62 88
100 5
13 34 48 69 89
