100
3 29
2529 2520 2524 3618 3601 3609 4781 4786 2183 3586 4000 782 781 778 2905 2912 1096 1753 1737 1757 1759 2849 4822 3238 3242 916 915 2648 2667
2542 2537 1804 4623 4605 1164 4770 4777 2165 3572 3982 3997 785 775 777 2230 1086 1093 1753 1759 2858 2842 4805 3222 3231 903 912 2647 2664
2594 2583 1792 1799 1153 1147 1166 4226 4211 4221 3994 4000 4002 790 2225 2212 779 794 799 2856 2854 2850 4825 477 488 912 2651 2644 2659
2 1
2403
3160
27 2
3632 3628
3625 3624
3621 3620
3617 3618
3612 3615
3608 3613
3604 3608
3601 3602
3600 3601
3596 3600
3593 3591
3588 3590
3584 3588
3579 3584
3574 3576
3572 3577
3568 3573
3564 3565
3560 3561
3549 3559
3561 3562
3567 3564
3569 3566
3572 3568
3577 3573
3576 3574
3580 3578
2 6
3773 3775 3972 4425 4420 4433
3761 3764 3964 3969 1951 3715
53 1
1510
1498
1518
301
283
287
3074
3087
3088
3089
3093
791
789
786
781
777
772
767
765
756
775
778
315
307
324
325
328
136
135
123
131
133
138
139
144
149
154
2551
2547
2546
2542
2538
2673
2667
2679
4703
4447
4432
4442
4057
4041
4046
4048
13 2
1539 1549
1537 1535
3169 3153
3285 3161
4416 2600
4423 2609
3075 3073
3070 3060
1191 3070
3132 3137
3112 3130
3115 3120
3117 3121
5 5
24 24 0 5 14
13 7 15 20 16
0 15 30 15 0
8 23 15 22 11
9 25 0 25 12
100 100
97 91 95 90 62 60 57 52 51 47 44 40 33 31 27 23 20 25 28 31 34 38 42 45 48 34 31 27 23 21 18 10 8 13 15 16 15 19 25 23 25 44 40 39 34 36 32 30 43 41 42 47 48 51 54 58 62 66 76 81 84 85 87 60 57 52 51 47 45 47 42 42 41 45 49 44 48 51 52 51 55 58 67 68 73 77 80 87 89 90 92 96 99 100 102 131 127 124 125 129
94 90 90 85 88 56 53 50 49 44 42 38 32 27 24 20 19 21 25 26 37 42 46 43 44 37 34 26 21 20 15 13 7 8 12 11 14 18 21 22 27 32 36 34 33 31 30 27 28 37 39 42 43 47 56 57 64 69 74 78 83 88 59 57 55 57 48 46 43 41 41 39 40 41 42 42 45 54 49 50 51 53 62 64 68 70 80 83 85 93 97 93 103 104 104 115 117 120 121 131
90 89 86 83 80 78 55 52 54 41 40 35 32 28 23 19 17 19 21 25 29 33 34 42 45 40 36 30 25 15 13 8 3 1 8 10 12 16 18 20 21 24 37 40 35 30 27 24 27 32 35 43 46 48 57 59 61 70 75 78 81 83 86 52 51 50 47 42 42 39 42 37 36 38 40 38 40 49 45 49 50 57 58 62 67 71 76 79 83 84 87 91 92 101 107 112 112 116 118 132
90 85 84 79 78 77 69 68 57 43 44 37 27 26 22 17 15 18 22 25 27 30 32 37 42 35 34 31 29 38 33 25 21 20 21 11 15 38 21 23 23 37 35 37 38 35 26 23 22 24 28 32 33 53 61 32 64 73 76 80 82 84 53 52 50 46 43 38 36 35 34 32 33 36 36 36 37 43 43 48 49 56 59 61 63 66 72 76 75 77 91 92 96 100 105 108 109 112 117 120
87 84 83 80 75 74 70 67 71 61 42 38 37 8 5 4 0 3 27 28 29 30 33 41 47 40 39 35 31 32 31 26 25 21 22 27 32 35 37 40 24 33 32 25 23 26 24 20 17 18 24 27 32 33 32 31 40 43 79 46 52 55 60 53 46 43 41 38 41 37 32 29 26 30 31 33 34 38 41 46 48 52 56 58 60 64 69 71 73 77 93 93 89 91 110 113 118 115 120 121
83 80 79 76 73 70 69 64 60 57 50 47 36 31 26 21 16 18 23 24 34 33 34 36 37 44 40 38 41 38 35 29 26 22 25 30 32 37 40 45 46 26 27 21 18 15 14 16 14 19 22 23 25 27 29 30 39 41 40 42 47 49 64 48 45 42 39 37 36 32 27 24 25 28 29 31 32 34 39 40 44 48 52 56 57 62 66 76 75 78 82 87 88 93 94 108 110 120 125 126
88 85 81 71 68 66 63 62 57 52 47 43 41 36 28 21 18 21 26 27 38 37 39 40 44 45 43 48 45 42 38 30 31 25 39 35 34 36 44 46 32 25 26 18 17 14 9 11 11 16 18 19 22 24 28 33 34 36 39 42 49 50 44 51 46 41 37 32 41 36 22 21 23 28 20 20 23 38 42 41 49 52 55 59 62 64 68 73 78 82 86 88 92 96 101 103 106 107 111 113
87 83 79 75 71 67 64 65 60 53 47 46 42 41 29 25 23 28 29 34 37 38 43 45 49 50 46 51 46 47 38 35 34 41 40 38 37 37 42 32 27 24 21 16 12 9 1 4 7 10 14 19 20 25 28 37 39 41 40 42 46 47 41 42 48 46 31 31 24 25 21 20 10 12 17 18 19 41 43 44 58 55 56 64 71 68 69 70 79 84 87 95 93 100 103 105 107 110 115 120
90 88 80 79 72 71 72 68 65 54 52 47 46 45 32 30 25 26 28 31 34 39 44 47 51 52 56 56 48 67 51 50 48 43 40 39 40 42 46 34 31 26 24 21 17 13 3 5 9 12 18 20 29 33 39 40 42 43 48 50 56 40 39 38 35 31 28 27 23 20 16 15 7 9 20 26 29 46 30 48 63 58 63 68 68 71 73 71 87 85 90 94 96 101 103 105 108 110 119 120
93 92 85 80 84 76 72 69 67 56 54 50 50 50 35 32 30 33 37 36 35 44 49 49 51 54 59 67 66 63 61 51 49 52 47 42 45 46 38 35 32 29 28 33 22 27 6 9 11 21 19 24 27 30 35 38 43 47 52 58 54 49 48 48 38 35 34 32 26 23 12 10 4 6 18 23 25 27 28 43 48 61 62 63 64 66 67 68 89 90 92 96 97 99 103 105 109 114 124 124
98 93 89 84 86 78 75 72 58 57 58 53 51 56 37 36 33 34 37 38 39 47 52 57 61 68 64 68 67 62 57 52 50 51 48 43 46 51 39 43 43 35 30 34 22 24 29 10 13 22 20 24 29 33 35 38 40 52 56 56 53 50 46 45 40 39 38 35 39 15 8 6 0 15 17 22 23 28 35 39 44 49 51 57 59 63 65 69 73 98 95 99 100 104 108 113 112 116 120 140
103 95 93 98 83 81 79 76 80 64 60 58 52 61 37 36 34 38 40 41 43 56 54 59 65 70 65 68 69 65 60 54 52 55 50 45 57 48 43 41 40 36 33 25 20 21 26 29 33 25 22 28 32 38 39 41 46 50 55 57 50 49 47 46 42 39 38 36 16 12 11 7 6 8 11 23 26 30 34 38 41 45 50 52 56 59 63 68 72 98 99 101 101 107 112 115 134 127 128 136
107 99 98 101 86 83 82 78 77 65 61 58 56 60 41 39 39 41 43 46 50 62 59 64 67 70 70 69 67 66 61 55 53 59 52 55 54 49 47 45 41 37 37 22 19 21 25 26 28 30 24 26 45 42 44 48 49 52 53 57 55 53 50 49 48 44 41 37 22 21 17 12 9 12 14 15 16 21 35 40 46 47 48 50 54 55 59 64 95 97 101 96 97 103 104 130 129 125 126 135
105 101 99 102 106 79 78 74 72 68 66 63 58 54 50 45 40 41 43 48 52 69 64 68 72 71 75 79 74 69 60 56 58 57 55 57 62 58 53 50 45 22 19 17 15 18 21 23 27 35 25 26 49 44 45 51 50 52 55 60 59 57 55 54 44 43 34 32 25 24 21 16 19 16 19 20 23 27 31 33 51 49 49 64 65 70 72 73 92 95 100 94 97 99 104 105 125 123 124 133
110 106 102 107 108 83 79 77 77 72 69 64 63 55 50 46 41 43 44 56 57 74 66 72 75 80 84 79 75 71 65 59 59 69 65 62 61 56 54 54 26 21 17 16 13 16 19 20 30 34 36 37 53 58 59 54 53 57 58 59 61 58 47 45 44 39 35 31 30 26 22 18 22 20 23 24 24 26 27 31 38 54 56 61 63 67 68 84 87 92 91 93 94 110 121 123 126 122 125 132
120 117 113 112 89 86 83 80 85 75 70 65 60 57 54 47 42 45 48 51 53 56 67 76 77 83 85 83 80 84 83 80 75 73 70 67 65 58 57 26 27 25 22 5 12 14 15 18 20 37 40 39 57 61 61 55 55 58 63 63 68 63 59 55 50 41 37 33 36 31 23 19 26 21 25 32 29 30 28 29 34 35 59 66 67 71 83 81 83 85 89 92 95 105 119 121 122 121 125 129
124 121 116 114 93 89 87 83 90 64 63 62 59 58 57 52 47 48 53 55 57 59 60 79 79 81 86 85 84 87 65 60 79 75 35 34 32 29 26 24 32 30 16 0 10 13 19 22 35 40 43 48 49 53 65 57 60 61 66 73 69 66 58 53 48 44 41 38 43 33 24 20 29 26 31 37 30 33 29 33 37 41 47 67 70 75 78 79 80 83 88 91 100 103 118 120 118 119 123 124
125 126 119 120 107 104 102 99 95 100 66 66 62 60 61 65 68 73 54 56 57 60 86 85 84 88 90 67 66 67 64 59 60 42 38 35 28 26 22 20 15 12 10 5 14 18 21 36 32 37 39 41 51 70 69 71 76 62 69 74 71 67 58 55 49 44 43 40 36 35 28 33 32 29 34 40 35 40 42 38 39 41 43 46 72 77 83 81 82 87 91 95 98 101 114 115 116 117 121 126
126 128 122 124 107 104 103 103 99 105 109 66 65 68 63 69 73 76 57 60 61 65 119 87 89 90 69 66 65 63 59 57 52 34 32 27 22 20 18 16 13 11 10 8 10 12 17 21 27 32 33 44 45 54 70 73 75 76 79 76 73 71 73 60 53 48 44 49 38 34 29 42 38 34 36 41 38 41 42 44 49 44 48 52 54 56 84 89 86 91 94 97 101 105 110 115 120 119 124 131
129 125 124 127 109 105 104 107 109 107 71 67 66 72 77 82 78 81 85 89 90 91 116 120 124 65 64 59 57 55 56 52 47 33 32 27 24 23 21 22 20 15 14 9 13 14 19 23 26 30 35 42 45 52 54 56 78 79 82 80 78 73 78 55 53 50 48 52 40 39 34 46 43 35 39 47 43 46 49 53 55 53 49 54 57 62 89 93 90 95 97 99 104 110 113 116 117 124 129 130
133 127 128 129 110 109 105 112 81 76 72 71 80 76 79 83 86 85 88 91 102 105 112 115 120 62 60 58 55 53 49 47 45 42 37 31 27 25 25 25 23 15 14 11 18 17 21 27 30 32 35 40 44 48 50 70 73 79 87 84 77 76 65 60 56 55 52 54 57 55 52 51 47 38 39 48 48 49 51 52 53 57 52 53 61 64 67 94 95 96 99 102 107 109 110 112 117 124 126 131
136 131 130 118 117 113 116 117 83 81 73 75 86 82 80 85 87 88 91 95 99 104 109 111 114 65 62 61 56 53 49 47 42 40 36 33 31 27 27 25 21 19 15 12 21 22 23 29 33 34 36 45 46 62 68 68 71 75 76 83 87 79 67 62 64 60 57 60 67 62 57 53 49 41 44 61 56 54 52 53 58 63 53 66 62 63 67 96 101 97 108 105 108 111 111 112 116 120 124 126
140 135 133 135 121 118 119 124 84 83 76 78 92 88 84 86 90 89 92 97 102 105 108 109 111 116 67 63 58 57 50 50 45 42 41 37 34 35 32 27 25 23 16 17 24 27 35 33 36 38 43 46 58 61 63 66 67 73 77 80 81 85 89 67 63 61 61 65 71 66 62 49 44 42 43 48 59 59 53 57 59 60 73 75 66 64 69 98 104 108 109 108 131 115 115 116 121 123 126 127
140 138 138 138 122 122 126 128 88 87 108 107 93 89 85 89 91 92 94 99 111 109 112 114 114 121 70 65 59 60 53 51 48 43 41 40 35 36 35 30 29 19 18 19 26 41 38 34 39 41 44 52 54 56 59 67 70 72 74 77 78 85 88 92 69 68 64 65 70 67 63 52 47 47 50 52 61 60 56 61 62 67 69 71 69 65 67 70 106 111 114 135 130 125 122 121 124 132 131 132
143 141 143 142 124 126 127 132 90 92 108 104 102 94 89 92 92 96 99 100 113 110 114 129 131 71 67 63 62 59 56 52 51 47 45 45 46 40 39 34 33 25 21 26 27 47 42 35 39 42 43 47 50 55 56 57 71 77 77 82 83 84 88 75 73 69 68 70 85 71 64 49 48 52 54 69 68 64 69 70 63 70 72 76 73 68 68 72 110 143 140 138 135 130 124 126 138 135 134 135
145 146 146 147 130 129 130 132 91 108 104 100 97 95 90 96 98 101 104 109 116 114 119 124 125 73 69 66 63 61 62 60 55 52 46 46 48 41 42 38 37 26 24 29 31 50 40 36 43 45 44 48 51 53 56 59 61 63 79 87 88 85 87 78 78 72 71 76 81 84 58 53 52 56 57 71 70 68 71 74 64 77 73 78 79 84 70 73 115 145 144 139 140 132 135 131 139 139 144 138
147 148 154 150 132 133 133 134 110 108 106 101 98 100 95 99 101 105 107 110 120 115 117 126 130 131 69 68 67 63 63 60 57 55 52 49 53 45 40 39 31 27 26 31 32 54 59 37 47 48 45 49 54 54 57 60 64 68 81 88 92 88 89 82 82 80 75 78 82 86 60 57 57 62 60 76 72 69 72 75 77 80 77 80 85 93 97 99 101 152 147 144 139 134 136 139 143 140 146 142
148 152 154 155 136 142 138 137 139 116 112 110 102 101 99 101 106 107 111 115 117 119 118 129 133 135 75 72 68 65 65 61 60 57 56 54 55 46 42 41 33 31 28 32 36 59 62 67 68 69 50 54 57 55 61 66 68 71 84 89 94 107 109 81 80 78 76 81 84 89 70 66 62 64 93 77 73 71 75 76 77 80 82 82 83 88 92 95 100 104 151 146 142 139 137 138 141 143 147 161
156 153 156 148 147 145 144 140 117 113 108 106 103 102 101 112 107 108 113 116 117 120 132 133 137 140 79 73 69 71 67 65 62 58 59 59 58 48 43 45 34 32 29 37 41 63 65 68 70 71 74 56 58 57 62 69 73 74 79 84 86 102 106 86 84 81 79 81 122 70 67 65 64 97 92 90 77 76 78 78 81 84 87 87 88 90 96 96 100 102 138 149 144 140 144 147 148 147 151 156
160 155 160 156 152 147 147 118 117 112 111 107 104 104 105 114 111 111 115 118 120 124 128 133 134 139 84 77 70 73 70 67 64 71 67 62 65 67 48 48 37 34 34 41 46 67 66 69 74 76 75 61 60 59 63 72 76 78 84 88 93 97 99 102 86 85 88 89 120 116 72 103 101 96 92 87 83 78 82 85 89 94 89 94 95 99 104 107 129 131 135 151 147 144 148 151 154 151 156 159
168 165 164 161 156 150 127 123 118 117 113 108 105 109 106 116 116 112 118 119 124 129 132 137 139 140 87 89 72 73 73 69 74 72 67 65 67 68 48 43 38 36 39 43 46 49 78 74 79 84 79 69 64 60 62 64 67 79 89 89 94 101 103 107 91 86 88 92 117 113 110 107 105 100 93 86 85 82 84 90 95 98 94 96 97 98 102 114 125 128 131 136 152 156 159 154 159 153 168 164
174 169 168 159 154 153 128 126 123 118 121 118 117 116 111 114 118 113 125 121 126 128 136 141 141 142 91 110 107 108 88 83 78 73 72 70 75 58 56 54 45 41 41 48 49 52 82 78 84 84 82 71 68 63 66 65 68 69 91 90 96 101 108 109 93 89 91 95 98 116 113 104 102 101 104 89 87 89 85 95 100 104 98 99 99 102 104 113 121 125 130 132 133 138 162 156 163 166 167 171
178 173 161 160 156 158 139 138 135 121 124 125 124 121 114 118 123 131 129 125 126 131 133 142 146 149 112 107 106 102 100 89 84 79 76 73 59 55 50 49 47 42 47 50 50 53 56 80 87 89 87 74 70 67 72 75 73 73 94 93 100 101 110 97 95 92 97 102 99 116 114 111 107 103 105 95 91 90 86 98 99 108 112 113 102 103 106 111 116 120 122 126 130 134 167 169 168 169 170 175
176 173 168 163 143 140 135 134 133 131 129 130 126 125 116 121 125 135 133 130 130 134 138 140 148 150 154 106 102 98 96 97 89 83 81 74 62 58 51 52 48 43 52 57 57 56 61 66 77 91 90 79 73 69 75 79 77 100 95 94 103 107 110 112 96 95 100 103 119 117 113 112 111 107 108 100 95 96 91 96 98 100 116 117 120 106 109 113 117 119 126 130 131 135 136 138 170 172 176 178
181 175 172 168 151 150 144 141 136 139 136 131 123 120 117 123 129 139 135 136 132 138 140 142 151 154 104 102 98 97 95 92 87 85 84 77 65 62 58 55 50 47 53 58 60 60 64 67 75 79 84 83 78 74 76 81 82 101 96 98 108 112 112 115 97 99 104 109 122 118 117 116 115 111 113 117 102 97 93 98 103 104 105 107 108 112 113 119 118 119 122 126 131 133 136 137 141 142 181 181
163 162 161 157 153 148 146 144 139 136 135 130 126 124 120 123 127 132 136 142 135 141 144 146 113 110 106 105 102 100 100 93 92 87 86 70 67 64 59 60 53 49 55 62 62 62 68 69 72 73 77 88 83 77 80 81 85 105 99 101 106 119 114 119 123 101 104 107 125 123 121 122 119 113 115 128 100 99 94 99 108 107 109 110 113 114 127 126 121 124 127 130 136 141 144 140 145 147 149 157
167 164 165 158 154 150 150 147 144 141 136 131 130 126 124 127 128 133 137 141 144 143 145 146 115 114 107 108 106 105 97 95 97 180 175 72 71 67 64 64 56 53 60 66 64 67 72 76 74 77 80 82 83 82 83 164 162 106 100 103 108 122 119 123 124 104 109 114 115 125 128 127 124 117 120 124 103 100 103 102 110 110 110 112 116 117 129 129 124 129 130 135 139 141 142 143 149 148 152 156
183 164 163 162 157 154 159 151 147 142 141 138 133 127 125 127 131 132 139 143 171 145 148 151 119 114 111 108 107 102 101 97 101 175 170 156 154 157 160 63 60 58 63 67 69 72 77 81 86 81 84 86 86 84 86 158 158 160 165 117 113 127 122 126 127 129 181 115 190 130 133 128 125 120 122 127 104 101 106 110 114 112 116 116 121 121 134 134 139 131 133 136 137 140 142 145 190 192 194 198
180 168 164 162 161 156 156 155 150 151 146 143 137 130 130 131 135 159 155 161 166 169 174 176 176 119 112 113 112 106 104 109 171 167 165 162 153 156 161 66 62 59 64 70 71 83 82 84 89 84 86 151 90 149 153 156 157 161 155 149 148 153 161 130 133 182 178 182 185 186 130 129 127 130 136 132 134 104 107 114 119 114 124 120 124 124 141 138 142 146 134 141 145 191 194 186 185 189 196 193
175 170 165 167 165 152 151 150 146 145 141 137 142 134 139 135 140 158 154 158 163 166 170 172 173 162 165 173 116 109 109 165 164 162 161 157 152 151 149 155 65 165 66 79 75 85 85 89 134 88 139 150 150 145 148 152 156 158 151 144 143 150 156 160 165 178 174 178 183 184 185 134 128 132 140 137 138 142 121 116 120 117 125 124 150 153 155 140 144 151 179 178 183 187 191 186 183 184 187 192
176 175 166 157 152 148 149 147 143 141 137 136 137 138 162 136 155 154 152 153 155 168 149 151 155 160 163 171 172 165 160 159 160 158 163 156 151 146 147 152 154 161 163 115 116 123 126 129 129 131 134 147 145 140 137 154 141 144 150 154 142 148 152 157 160 172 170 173 174 176 177 178 132 137 142 141 140 144 149 158 160 165 151 146 146 148 153 146 149 143 176 175 178 180 186 181 182 181 185 189
184 179 157 152 152 147 145 145 141 142 139 133 133 141 161 156 151 149 147 142 151 149 145 149 151 155 156 169 168 163 159 157 156 155 153 148 144 142 146 151 154 156 115 114 115 119 120 124 127 137 139 145 140 139 135 143 139 143 147 151 141 145 149 152 155 161 166 169 170 177 180 184 135 139 147 143 143 145 148 153 155 156 147 142 144 149 142 143 143 142 174 172 175 178 182 179 178 180 182 186
189 182 152 149 148 145 143 139 137 139 134 130 131 136 153 150 149 148 143 141 146 147 142 143 145 157 176 166 164 160 156 159 154 153 152 148 141 140 142 143 148 121 117 112 110 113 117 121 136 135 134 131 140 137 134 139 137 140 144 150 137 141 157 150 153 158 161 163 165 167 180 181 183 151 148 147 146 146 150 157 151 145 143 138 142 147 139 138 141 141 144 169 174 174 170 176 176 178 183 188
146 151 154 154 153 147 138 135 134 131 129 127 129 133 133 150 145 143 139 137 141 143 141 147 152 155 172 163 161 159 154 155 152 149 148 143 138 137 138 147 118 116 112 109 108 110 113 117 142 137 132 128 140 138 133 137 136 138 141 148 136 140 152 148 149 159 163 166 171 176 179 184 186 156 153 157 147 159 155 152 148 144 142 137 138 139 141 134 139 140 142 164 165 171 168 171 173 176 178 180
144 146 141 140 155 145 144 137 129 127 126 123 125 127 132 142 141 138 135 132 134 135 140 144 147 151 169 165 162 154 150 154 150 146 141 138 137 133 137 142 135 129 128 110 107 108 113 116 121 134 131 126 139 134 129 132 132 137 139 143 133 135 137 143 148 151 167 167 172 173 176 177 178 180 156 121 116 116 154 150 146 140 139 135 132 134 136 133 138 139 143 161 162 169 166 168 170 174 179 183
141 138 138 135 146 141 140 139 136 132 123 121 124 128 132 130 140 135 131 128 130 131 136 140 151 169 163 160 157 152 147 142 140 135 136 134 133 128 131 129 132 119 125 111 106 111 112 114 119 123 122 121 130 129 128 130 128 133 133 128 131 132 135 139 144 148 149 150 174 177 182 121 123 122 122 119 112 114 151 147 142 137 134 130 128 130 135 132 137 135 139 159 151 154 162 165 169 176 178 183
140 136 134 133 129 137 133 138 137 123 119 117 122 134 130 126 125 122 122 127 132 136 140 141 142 164 160 155 154 145 142 138 136 134 131 130 131 126 129 126 120 118 120 105 101 107 108 109 111 118 113 118 129 126 124 117 123 126 128 124 126 127 132 134 131 133 150 136 140 182 114 118 120 121 121 116 111 112 146 141 136 134 128 126 127 131 136 129 130 134 138 155 150 153 157 162 164 180 184 189
137 134 132 129 124 135 132 127 124 120 119 116 118 131 128 124 123 120 120 124 129 130 132 134 139 159 158 154 149 144 141 136 137 136 131 129 125 123 127 123 118 114 115 102 100 103 105 106 107 113 109 113 126 124 119 116 121 123 122 120 124 126 124 129 130 133 124 133 138 115 112 113 124 113 117 112 108 108 139 137 135 129 127 124 123 125 125 128 130 130 133 151 148 149 150 155 159 163 164 168
137 131 130 127 122 120 127 123 119 115 118 113 110 110 127 123 120 115 118 123 125 135 140 139 142 153 151 148 146 143 137 133 128 134 131 128 125 122 124 126 113 110 111 97 96 100 103 107 105 109 105 108 110 119 116 112 117 117 120 117 118 119 123 126 130 132 122 128 126 108 109 107 116 110 107 104 103 105 137 135 132 128 123 119 118 120 123 126 127 128 129 140 147 151 151 146 148 152 156 160
135 140 129 125 121 118 122 119 114 114 112 109 106 109 133 128 114 113 117 125 128 133 136 156 158 153 145 144 141 138 134 129 124 131 126 123 121 119 120 110 107 105 110 94 91 96 102 98 102 102 100 98 104 109 113 110 108 113 118 116 119 130 135 137 133 122 119 124 125 107 105 106 111 107 109 103 100 102 106 139 133 111 122 119 117 115 118 122 127 131 136 139 144 146 143 143 145 149 150 158
131 128 126 124 120 115 121 118 113 110 109 103 102 100 98 102 103 108 112 116 114 135 154 151 152 150 149 149 148 143 129 124 123 125 123 122 120 118 111 106 105 103 104 108 88 101 100 97 101 99 98 96 100 105 107 105 107 110 113 115 120 127 132 136 112 114 118 120 110 105 104 100 107 104 105 102 96 97 102 121 114 109 111 124 116 113 117 119 123 126 133 129 133 137 139 140 145 148 158 155
126 131 127 123 119 114 117 115 110 110 106 101 99 99 97 99 102 107 109 108 111 120 144 146 147 147 144 140 139 144 129 124 122 127 131 119 115 114 99 100 95 99 103 107 83 100 99 94 91 95 97 94 97 102 103 104 109 90 117 118 120 123 124 128 111 112 114 117 118 102 100 95 92 99 103 100 95 93 97 117 112 107 105 96 109 108 111 115 118 120 131 128 129 133 134 136 137 149 153 154
122 127 122 116 115 110 111 111 108 105 103 100 96 95 93 96 97 109 109 106 111 116 139 144 148 146 142 139 138 138 132 126 121 117 118 114 112 109 98 97 93 98 99 89 78 82 95 90 87 91 96 93 96 101 104 85 82 86 87 94 96 128 126 102 107 110 111 112 95 97 93 92 90 95 93 104 93 91 95 118 106 102 101 95 108 106 113 113 112 119 124 124 128 130 139 139 141 144 147 158
120 116 120 126 112 108 107 102 104 100 98 93 99 91 90 91 94 94 93 101 105 108 136 138 135 136 137 136 134 133 128 123 118 113 112 111 108 107 106 93 92 94 90 86 77 82 83 86 85 84 90 89 91 93 84 83 80 85 88 90 95 97 100 101 103 106 111 98 93 94 89 91 86 89 90 101 91 90 91 86 83 101 97 92 107 103 108 111 110 115 119 121 125 120 118 141 143 130 132 133
116 113 117 121 123 106 102 99 100 97 96 92 92 93 89 90 93 94 90 99 100 139 135 133 131 132 131 130 136 140 131 126 113 109 114 110 106 102 104 94 90 89 85 81 76 79 84 82 80 79 79 85 86 87 90 78 76 81 85 87 90 92 101 96 97 110 112 95 92 92 88 86 83 86 87 96 90 87 83 83 80 78 78 88 107 102 103 104 107 111 113 126 106 115 117 119 119 126 127 132
114 112 114 118 99 99 95 94 89 87 94 91 88 82 86 91 88 89 89 94 98 135 132 130 126 129 130 125 132 137 132 128 111 106 103 98 102 98 99 92 91 86 84 79 75 78 82 75 71 76 76 84 89 69 71 75 72 76 82 84 87 88 89 94 98 101 93 90 89 87 84 82 79 82 86 95 91 86 82 80 78 73 75 86 89 97 102 103 104 113 107 107 103 111 115 116 117 121 126 131
113 110 108 107 98 98 95 93 86 86 85 85 83 77 81 83 85 88 86 88 96 101 131 127 125 123 124 123 128 129 128 125 102 102 100 95 95 93 94 81 96 88 77 75 71 75 76 72 69 75 74 79 60 65 68 71 69 73 77 80 84 80 84 89 94 96 101 88 85 83 79 79 77 79 85 91 89 89 87 79 77 70 72 85 88 92 94 98 100 102 104 106 102 107 112 114 115 116 125 136
110 108 104 102 97 94 90 88 85 83 82 83 78 74 79 83 84 76 82 87 91 92 127 124 121 120 122 118 118 130 125 124 100 96 94 93 92 88 89 80 80 76 73 69 67 70 77 73 68 70 71 76 58 60 67 68 65 66 73 75 76 75 79 95 98 104 105 92 85 80 75 77 76 80 83 86 87 65 63 77 72 69 73 83 85 87 89 92 96 100 92 94 98 104 108 110 113 114 120 122
115 113 107 94 90 86 84 86 82 80 79 75 76 70 75 69 74 74 77 82 86 87 130 125 122 119 111 115 114 123 122 119 99 98 95 94 88 87 88 77 75 73 69 65 63 62 64 67 63 65 67 53 54 59 65 64 60 63 68 71 72 73 91 94 98 99 100 81 80 78 73 72 73 76 78 55 56 66 61 57 68 66 71 78 80 82 83 85 87 81 87 89 97 99 100 113 114 111 116 121
100 117 111 89 88 83 82 82 80 79 75 72 68 65 65 67 70 73 74 80 83 92 135 122 119 116 109 114 111 116 122 117 109 109 93 90 88 85 84 78 81 76 62 61 60 59 63 64 60 58 57 50 52 56 61 65 59 62 65 70 72 85 90 92 93 96 98 78 71 68 70 67 70 51 55 53 51 51 56 54 65 64 69 73 75 85 84 90 91 80 83 86 93 95 98 99 105 108 112 113
95 98 89 90 86 84 79 73 81 80 75 70 66 62 63 64 69 73 71 76 81 82 124 120 117 113 107 109 108 113 114 113 108 107 106 95 86 82 79 75 76 70 65 61 57 57 58 60 56 54 52 47 51 54 54 55 57 58 60 75 79 83 84 97 98 100 105 73 68 66 64 63 64 47 45 51 48 47 45 50 64 59 62 65 65 65 68 91 81 79 82 85 91 92 96 100 104 106 111 113
92 88 84 84 86 79 75 71 72 76 71 67 64 59 61 65 66 69 70 71 75 83 107 104 100 108 106 102 104 106 115 107 108 104 103 83 82 79 78 73 71 76 62 61 56 53 55 51 55 51 49 43 48 49 52 52 56 57 59 63 83 84 88 93 97 102 82 79 74 65 62 61 66 44 41 37 44 43 44 49 50 54 56 60 63 62 64 80 78 77 81 82 86 88 92 93 99 103 107 111
89 84 83 79 81 78 73 70 64 62 62 52 58 55 59 62 63 65 69 70 76 81 83 99 95 95 104 100 101 102 111 106 103 102 99 96 86 79 74 68 67 71 61 59 55 52 46 49 47 46 44 39 43 48 50 51 53 60 61 60 54 54 57 60 64 81 77 76 73 72 62 58 49 49 40 35 42 41 45 48 48 49 52 54 56 58 59 61 78 75 80 85 91 94 99 101 98 102 104 109
87 83 82 74 75 69 65 68 64 58 59 49 58 53 54 57 62 67 68 71 72 98 91 89 91 92 103 98 99 106 108 108 105 104 99 94 80 75 70 65 64 61 59 58 55 47 44 38 36 50 33 36 39 41 46 56 60 55 56 57 50 53 58 46 48 79 72 73 71 71 58 54 47 45 37 34 41 38 41 43 45 48 58 53 58 54 56 59 72 72 76 81 80 85 91 94 95 100 104 108
81 80 78 73 71 68 64 66 59 56 54 48 53 49 53 60 64 67 63 66 70 94 89 87 90 89 94 96 101 103 106 99 98 95 94 89 93 78 66 61 59 58 57 54 50 43 39 33 31 33 28 33 37 38 42 46 49 54 59 44 46 47 49 44 48 74 69 67 66 66 53 50 45 44 32 31 29 35 36 39 40 44 49 52 57 52 58 60 68 71 75 77 79 82 87 91 93 102 107 113
87 83 81 60 65 63 59 61 49 53 49 44 47 44 45 49 50 62 59 64 67 93 88 83 88 86 89 94 96 101 102 105 103 92 91 88 78 76 73 71 67 57 55 52 47 38 35 31 26 25 24 27 41 44 46 28 29 59 34 43 46 32 35 40 45 48 70 69 65 61 55 44 40 39 34 29 25 30 32 37 38 42 45 50 48 49 53 56 63 64 78 84 82 86 91 93 98 101 106 108
90 87 62 57 56 59 55 52 47 46 45 43 43 40 41 42 65 62 57 62 71 72 80 78 82 83 86 91 100 104 105 97 95 90 87 83 78 74 70 69 64 59 54 50 45 43 39 26 23 21 20 23 45 47 24 23 25 26 33 38 41 29 30 32 36 45 66 65 63 58 54 51 41 32 27 22 20 16 20 9 37 37 39 37 44 45 55 58 61 63 66 81 85 84 87 91 93 99 103 108
66 64 61 56 54 53 51 50 46 44 41 38 38 38 39 44 46 58 55 59 67 68 70 77 78 79 83 84 85 86 122 122 92 89 88 84 83 78 75 74 68 61 54 52 46 39 34 30 25 12 0 9 29 31 23 21 23 28 32 35 27 27 26 29 31 40 69 66 57 55 51 46 41 26 24 21 19 14 11 8 34 33 35 36 39 42 44 48 64 66 70 76 82 83 84 89 91 94 98 99
66 61 60 55 62 58 59 55 50 42 39 37 34 34 35 40 58 57 54 57 63 67 69 73 78 83 84 86 90 123 121 117 112 93 92 87 86 82 87 69 64 63 58 55 48 44 36 31 29 24 20 21 24 25 24 17 15 18 19 25 22 24 25 30 34 36 40 55 51 45 43 42 38 28 27 28 15 12 8 7 31 31 31 35 37 39 45 47 51 54 72 75 77 79 81 93 95 100 100 100
62 57 54 53 51 62 53 60 51 34 36 34 29 33 37 49 54 52 53 55 59 62 63 74 77 86 89 127 125 120 116 114 110 106 105 90 89 85 74 72 69 68 60 59 49 47 41 33 31 26 22 24 29 30 19 15 13 11 11 20 21 24 29 30 32 39 53 50 46 41 38 35 33 30 26 25 8 6 5 6 27 26 30 34 39 39 44 45 46 50 68 71 75 78 79 83 87 89 95 97
61 60 57 52 50 56 51 47 32 31 34 29 28 29 39 44 49 48 50 52 53 58 59 61 82 91 96 99 128 122 113 110 108 104 100 96 94 86 91 76 74 76 62 61 54 49 38 34 32 27 26 25 29 30 17 12 9 8 7 15 17 19 22 23 27 28 49 46 44 40 38 35 30 27 24 22 25 5 2 16 22 23 25 28 33 38 39 44 48 52 67 68 71 74 75 79 84 88 92 93
83 57 54 50 49 46 41 42 31 26 29 28 27 32 37 40 48 47 49 50 54 56 60 64 66 93 100 132 130 126 114 112 113 105 102 99 98 99 88 83 78 68 65 62 50 48 43 38 37 28 32 30 31 33 13 10 8 3 5 10 13 15 16 21 23 28 29 49 47 41 40 35 34 25 20 19 10 8 0 14 18 21 23 26 30 32 41 43 44 59 66 68 70 73 74 78 88 98 96 99
79 78 76 74 49 44 39 37 29 25 32 28 24 30 35 36 50 46 45 47 49 52 55 68 70 71 71 77 134 129 118 114 109 107 105 100 100 97 93 84 69 66 68 49 46 45 41 40 30 29 39 35 36 35 14 14 10 0 4 11 14 16 18 20 24 25 26 54 53 49 45 38 21 17 15 14 13 10 5 8 10 26 24 31 35 47 45 49 54 58 62 64 69 70 71 72 95 96 98 100
79 76 73 72 70 38 35 33 25 23 28 23 23 27 30 29 30 41 44 46 50 55 58 63 66 69 70 73 76 124 119 116 110 108 106 90 105 101 76 73 68 65 64 59 57 54 46 38 36 34 43 38 39 36 15 13 12 18 9 12 17 20 21 24 27 29 30 56 55 51 49 31 27 24 20 19 18 11 8 9 13 28 25 36 40 45 47 53 54 55 60 66 74 76 79 90 93 95 97 99
78 74 70 68 66 64 33 29 25 22 23 21 19 17 23 27 29 36 41 42 45 50 52 57 68 73 73 74 76 131 129 118 115 89 88 86 81 78 73 71 62 60 61 54 50 49 44 41 38 37 48 43 45 46 18 14 13 15 11 16 17 24 23 27 35 33 31 59 57 54 52 33 32 26 22 23 23 14 12 16 18 22 28 40 45 49 51 56 59 62 65 70 76 80 84 86 91 92 93 97
89 75 74 69 65 63 59 58 25 21 20 19 17 1 21 26 28 31 33 35 47 52 53 66 67 76 74 77 135 130 127 123 119 92 89 84 79 75 71 68 63 59 56 50 49 45 44 42 42 38 53 48 50 48 59 17 14 18 22 20 23 26 31 34 39 36 36 63 60 65 69 45 35 32 27 24 22 19 15 19 22 34 33 38 49 50 55 61 61 63 66 71 77 79 81 89 92 93 97 98
87 84 79 71 70 62 58 56 30 27 24 22 22 17 18 29 32 36 41 45 52 57 61 62 77 79 81 80 83 135 124 123 122 125 90 87 80 78 72 67 62 58 54 52 51 47 48 46 44 49 51 55 51 52 56 59 60 61 27 23 24 27 28 33 55 59 53 51 49 48 49 44 37 31 30 26 26 20 19 21 26 29 32 36 42 46 51 64 56 59 67 76 80 82 83 86 89 91 99 99
84 80 77 66 65 56 55 52 45 46 40 29 26 21 23 25 28 41 44 47 49 54 59 61 74 78 76 77 138 136 131 128 124 126 88 84 80 76 73 71 68 63 56 54 55 51 52 48 49 50 55 55 53 55 57 62 64 65 25 24 29 31 47 45 53 55 53 52 47 45 41 40 36 35 32 30 26 21 20 22 27 28 30 33 37 42 46 51 55 60 63 79 96 99 86 87 94 97 102 116
77 74 72 61 60 55 52 47 43 41 38 33 29 23 28 27 28 43 49 50 54 55 58 63 69 70 73 78 79 139 137 133 137 129 90 89 82 81 78 72 70 64 57 56 59 64 54 68 53 51 59 58 55 60 61 65 69 69 73 26 29 30 42 44 48 50 54 51 49 44 42 41 41 38 36 32 30 24 22 27 31 30 33 34 36 37 42 45 59 63 86 88 91 97 102 97 98 111 115 114
74 73 68 63 59 56 54 52 44 42 41 34 30 26 31 28 30 35 40 55 56 57 61 62 65 66 81 83 88 142 137 135 138 94 91 86 84 81 78 77 80 66 62 58 64 67 66 64 59 55 64 61 58 65 64 71 70 74 34 30 31 35 40 43 44 54 60 55 48 44 43 43 50 47 42 37 32 29 30 36 35 33 37 36 38 40 45 73 76 79 85 86 88 93 95 96 97 109 110 111
78 72 69 71 66 64 59 55 49 43 43 35 32 36 32 29 33 38 43 45 59 62 63 67 69 74 77 82 147 146 142 139 98 97 95 93 88 83 84 79 84 67 61 59 61 62 64 67 63 57 76 63 59 66 67 73 71 73 35 33 34 36 41 46 49 58 58 55 53 49 44 46 55 52 45 39 36 31 36 43 39 37 41 46 40 44 47 70 74 80 81 83 85 97 100 102 105 108 112 115
83 76 73 73 69 68 61 56 54 50 47 40 36 41 35 31 37 42 46 47 51 54 77 72 77 78 81 83 152 147 143 141 105 100 100 97 89 85 81 80 89 92 64 61 66 70 69 79 75 74 71 68 64 67 71 75 75 78 47 44 38 39 45 48 54 65 61 56 56 49 46 49 53 53 46 43 37 33 35 41 39 38 45 49 53 60 60 67 70 75 78 81 86 90 92 97 101 106 107 116
82 79 79 75 73 71 65 63 60 48 45 41 39 43 47 50 52 55 50 49 52 63 63 77 80 79 84 159 154 155 158 142 108 106 104 98 96 85 84 97 94 67 66 62 68 69 72 82 80 78 73 71 68 69 37 41 42 46 43 41 44 47 50 54 49 52 55 53 58 50 49 50 53 53 48 43 40 35 38 46 42 41 50 52 53 55 59 63 66 71 73 75 79 84 95 100 103 108 112 113
88 79 76 71 67 62 61 60 57 54 50 43 43 45 46 53 57 55 52 53 55 58 62 66 82 84 89 163 158 159 161 114 115 104 101 96 92 90 89 99 98 102 70 66 73 74 73 84 83 82 74 44 38 35 34 26 40 38 38 36 39 44 45 50 47 47 53 51 56 59 53 51 62 58 48 44 39 37 41 51 45 46 51 53 58 56 64 66 68 75 78 80 81 83 87 91 114 111 116 120
85 84 81 75 68 63 63 62 58 59 51 55 48 48 51 55 58 60 55 54 59 60 63 64 67 70 169 166 163 162 115 113 111 110 105 98 95 92 92 103 99 106 109 67 68 78 55 88 85 44 41 39 44 32 29 25 36 33 33 31 34 40 44 45 43 45 48 50 53 63 58 63 57 55 51 49 47 42 45 54 50 48 62 57 62 59 65 69 72 77 83 85 85 88 90 93 94 112 113 117
86 89 86 90 69 67 66 64 59 57 56 57 56 52 53 57 62 63 57 56 61 63 67 69 71 72 76 171 168 164 169 117 107 105 102 99 96 95 97 105 102 111 113 71 74 51 50 51 46 46 42 38 32 38 25 23 23 30 30 29 37 38 43 47 38 40 46 51 53 55 63 56 59 55 53 54 48 46 49 57 53 71 66 62 63 64 66 67 72 74 85 87 92 93 95 98 100 104 116 120
88 90 91 95 88 83 79 76 62 64 61 62 67 57 58 61 64 69 72 57 62 68 71 70 76 78 80 173 169 165 172 121 113 108 106 106 105 100 102 109 104 114 116 59 53 51 47 46 45 41 38 35 31 34 22 21 22 27 32 27 33 38 32 33 34 39 43 46 49 54 55 53 62 60 58 60 53 49 53 60 58 74 69 65 64 69 69 68 72 77 90 95 96 97 102 106 122 127 118 122
90 93 96 88 87 85 75 73 69 66 64 63 68 72 61 65 67 71 76 59 64 69 77 79 85 89 81 103 107 109 119 118 116 113 113 111 108 105 103 111 122 118 121 55 50 49 44 41 42 36 31 31 27 24 26 20 20 18 20 25 28 22 27 29 33 34 46 50 42 45 51 52 55 62 59 61 56 52 54 61 74 72 70 66 67 68 72 70 77 82 83 99 101 103 114 117 119 121 122 132
93 96 90 89 86 81 77 72 70 69 68 67 72 65 62 65 70 72 76 69 66 71 73 78 81 84 85 99 101 107 107 119 120 118 118 115 113 87 82 78 76 74 79 59 44 43 40 39 37 34 30 28 26 23 22 19 15 15 17 21 22 17 21 25 30 32 33 36 40 42 46 51 53 58 61 59 57 56 58 64 81 78 75 71 71 73 75 72 78 83 88 93 106 108 113 115 116 121 126 129
97 97 97 94 90 84 78 77 73 70 73 77 78 70 64 65 74 78 81 75 70 72 75 82 88 91 94 95 98 103 105 107 97 95 92 91 86 84 76 75 73 71 71 53 52 48 44 41 40 39 31 34 29 25 21 17 14 10 12 7 12 16 20 24 25 27 28 31 35 38 40 52 56 59 65 68 64 60 64 66 86 82 77 72 75 81 77 80 81 84 91 115 111 111 118 120 117 121 123 128
102 98 103 95 92 86 82 78 78 74 75 81 86 68 66 67 75 79 86 82 73 77 81 82 85 88 89 99 100 108 107 110 107 103 98 96 83 80 78 73 71 69 68 66 64 52 48 46 43 36 32 29 24 21 16 15 12 7 9 6 11 17 25 30 34 39 44 49 54 42 46 48 50 54 81 69 67 64 65 69 87 84 80 75 90 86 81 83 85 85 94 117 114 113 126 122 126 131 132 134
120 102 99 94 90 86 83 79 79 76 80 82 88 73 68 71 76 83 83 81 80 78 86 86 87 88 91 107 102 105 110 126 104 103 102 99 86 84 81 78 72 71 72 60 59 54 53 50 47 37 36 32 29 23 20 18 1 0 4 5 10 14 19 34 35 41 44 46 51 47 51 51 54 76 76 78 69 67 67 74 89 86 82 78 91 87 92 96 97 100 102 104 109 110 129 125 129 133 136 139
118 106 104 96 92 89 85 87 89 90 83 88 81 78 70 75 76 92 87 86 84 80 83 89 91 93 96 110 106 107 118 122 127 105 104 94 90 88 85 83 79 73 69 65 64 59 57 53 51 41 40 34 30 27 21 19 17 12 5 7 12 13 23 39 40 42 47 50 51 44 53 57 62 71 75 76 73 69 68 92 87 84 83 84 92 88 92 98 102 107 109 112 114 118 130 137 133 134 139 144
113 109 107 100 93 93 89 89 94 95 85 93 84 82 83 76 78 96 91 90 95 85 88 91 96 97 102 106 108 112 116 121 122 123 99 97 92 89 89 80 76 74 71 69 65 62 59 53 47 49 45 42 31 28 26 24 19 14 6 8 14 19 25 42 46 43 32 36 38 39 47 52 56 66 71 80 85 109 99 95 91 86 84 95 90 89 91 94 103 107 112 122 118 122 125 126 140 138 143 148
117 115 110 115 96 95 94 104 99 102 107 96 88 85 88 81 86 93 92 93 97 86 90 93 96 99 105 108 109 117 117 125 101 102 100 95 94 94 79 77 72 70 69 67 64 60 52 49 46 45 43 38 35 32 30 29 21 16 7 13 15 17 20 21 23 26 29 34 36 38 43 45 66 65 67 69 72 106 104 100 95 88 93 97 95 94 96 99 104 108 112 127 123 125 126 128 145 143 145 149
122 117 115 117 120 113 108 103 100 105 110 97 93 89 92 84 91 95 93 94 99 101 94 98 101 104 106 107 109 122 118 101 99 94 94 96 94 87 83 81 75 65 64 60 59 58 54 51 49 50 44 41 39 36 34 33 22 19 16 14 20 22 22 25 26 29 32 38 38 40 43 48 55 62 63 65 67 103 102 100 97 90 100 98 99 96 100 103 107 108 131 126 124 126 129 133 150 148 150 154
125 120 119 122 123 128 113 107 104 106 110 111 97 90 94 99 103 99 94 97 104 105 106 126 102 104 110 112 116 121 123 101 97 93 92 91 89 85 81 77 76 78 66 64 61 61 57 53 60 57 53 49 44 39 37 36 24 25 21 19 21 27 31 35 30 32 34 44 42 44 48 53 54 57 62 63 65 66 105 102 100 104 103 101 102 100 103 108 110 115 117 130 127 129 130 157 155 151 156 155
123 122 121 125 126 127 116 112 110 108 112 112 116 118 95 100 107 101 98 98 105 109 114 121 126 129 113 118 118 148 101 100 99 95 96 112 88 84 79 76 75 74 72 68 66 63 62 54 67 62 55 51 49 42 39 30 26 30 23 23 23 28 33 38 33 35 36 39 45 48 52 57 58 63 67 68 72 75 78 106 110 108 106 105 106 102 106 113 112 113 125 126 132 134 161 158 156 155 160 163
135 126 123 125 127 130 119 117 115 113 118 114 119 121 99 102 115 107 104 102 106 112 115 117 121 122 129 133 137 145 147 103 104 117 109 107 104 91 86 85 81 78 76 73 69 66 65 59 68 66 59 55 54 45 44 32 29 34 25 26 27 32 36 38 36 39 39 40 41 45 53 58 62 65 69 69 75 79 81 107 118 113 111 113 117 112 107 118 114 116 120 125 127 132 168 163 164 159 164 169
131 127 125 130 130 132 137 118 119 118 123 126 129 126 100 116 111 108 106 106 122 117 118 118 121 125 127 132 137 142 146 118 117 114 111 106 103 102 98 95 90 86 81 86 71 67 69 60 70 69 71 58 59 63 49 37 33 34 28 27 40 37 40 39 37 42 41 44 46 50 53 62 64 73 71 75 78 81 83 109 119 115 116 119 121 116 112 119 117 118 121 127 129 131 132 167 171 167 166 171
23 1
2001
4179
4188
2494
2662
2661
554
555
4784
4783
4780
2067
2073
1516
1501
4710
4711
699
687
4784
1892
1901
1904
12 7
2816 2803 2807 2825 3391 3382 3384
1246 2817 2820 2821 2381 2377 3386
337 352 2821 2825 2363 2357 2370
341 896 906 3274 3271 2371 2373
4815 901 1596 1600 3289 2372 4208
4798 4023 1587 1592 3364 4208 4203
4033 4018 4023 2053 3349 3357 4190
4035 4030 2051 2042 782 784 4193
2661 4173 4158 1584 1084 1095 219
2653 4845 3891 1091 1075 1091 215
2673 4847 3908 3750 1090 218 199
2674 4850 4747 4733 4738 222 202
21 11
4659 4657 4657 4650 4645 4644 4642 4646 4644 4645 4650
4657 4656 4653 4648 4644 4640 4639 4640 4640 4645 4648
4660 4658 4644 4642 4639 4638 4637 4635 4637 4640 4645
343 4660 340 4647 4640 4639 4631 4630 4629 4633 4636
342 337 336 4646 4645 4649 4631 4628 4625 4628 4631
339 338 334 336 4647 4627 4626 4624 4623 4624 4623
338 334 331 336 340 4634 4631 4623 4621 4621 4622
342 333 330 334 339 4626 4622 4617 4616 4620 4612
344 326 325 326 327 328 4622 4619 4614 4607 4611
331 327 323 319 318 324 4638 4633 4628 4624 4628
327 325 321 316 317 320 4642 4637 4629 4625 4631
324 322 318 314 316 324 315 4642 4643 4630 4634
316 312 309 310 315 316 314 315 4644 470 4639
310 306 305 291 301 306 310 314 466 466 466
313 311 306 298 303 304 308 310 463 461 462
311 309 306 301 308 308 312 312 461 458 461
2746 2746 450 449 447 438 439 451 452 453 459
2744 2741 2742 443 442 437 444 447 448 452 456
2740 2737 2739 452 448 436 441 445 446 447 450
2739 2725 2728 454 452 449 444 450 451 453 451
2748 2745 2746 2748 455 450 446 458 456 458 459
15 3
659 2050 1306
643 2049 2319
654 2050 2330
1580 2228 2234
4480 2223 2232
1645 1648 1650
1659 1652 1843
1841 1837 1832
1418 1839 1844
1414 1405 1406
1399 1400 1403
1405 1405 1404
1410 1407 1411
1416 1412 1414
1416 1413 1415
30 4
2111 2110 2120 2133
2114 2126 2128 2131
2611 2611 2612 2260
2596 2608 2260 2253
2616 2613 2264 2259
2617 2616 2621 2262
2621 2617 2623 2266
2624 2625 2628 2269
2628 2629 3989 3986
2630 3989 3988 3983
3986 3982 3983 3982
3982 3981 3980 3977
3984 3982 3980 3976
3968 3966 3964 3961
3983 3980 3975 3970
3983 3981 3980 3972
3984 3983 3985 3977
1520 3986 3989 3982
1519 1136 3991 1130
1501 1124 1125 1126
1509 1877 1882 1884
1867 1862 1872 2910
3737 3733 2911 2909
4799 2905 2893 2905
4794 4787 2908 2906
4798 4796 2913 2914
1382 1395 2915 2916
1374 1394 1395 2702
1388 1399 1881 2699
1884 1881 1878 2690
5 36
2565 2560 2563 2550 2546 2540 2541 2536 844 841 839 837 832 815 4176 4195 917 916 932 933 587 584 580 2641 2639 2621 2623 1760 1765 3623 3620 3622 3604 3604 3608 3611
2558 2555 2548 2544 2541 2539 2536 2532 841 838 835 831 827 811 829 833 918 926 936 590 588 582 579 4637 4633 4629 4632 1755 3622 3621 3619 3619 3602 3602 3603 3605
2554 2552 2547 2543 2540 2535 2534 2529 837 835 833 832 828 814 3250 3254 922 927 588 586 583 579 575 583 4637 4634 1754 1753 1757 3620 3616 3614 3597 3600 3601 3602
2556 2552 2548 2544 2534 2531 2530 2527 2529 2529 837 837 833 3244 3235 3244 925 594 593 587 586 583 587 3872 3883 3874 1757 1740 1757 3621 3618 3617 3610 3614 3619 3622
2556 2555 2550 2531 2530 2529 2526 2524 2512 2525 2528 2532 838 3244 3243 3245 3248 599 596 598 3874 3872 3869 3868 3865 3872 775 1743 1746 3626 3621 3618 3614 3617 3624 3626
20 12
3145 3142 3137 3133 3126 3121 3120 3124 3137 3140 773 777
3148 3143 3137 3132 3128 3123 3118 3132 3134 3138 771 773
3152 2848 3132 3130 3125 3120 3112 3127 3131 3134 766 768
2846 2844 2848 3135 3128 3125 3121 3130 3133 3136 761 766
2843 2832 2843 2861 3131 3129 772 3135 3136 759 756 760
2855 2851 2856 2858 472 772 771 763 760 754 755 754
2858 2854 2859 469 469 767 766 761 756 752 750 752
2863 2858 482 468 466 471 759 757 754 750 749 754
487 482 477 473 463 471 476 749 744 743 735 736
488 480 475 472 471 472 478 748 745 747 743 748
484 482 477 476 476 480 484 1768 752 750 748 751
4434 4429 4427 478 477 3304 3309 1766 1770 755 751 1774
4432 4429 4426 4421 3311 3302 3306 1762 1766 1767 1771 1772
4426 4422 4421 4418 3310 3291 1764 1758 1759 1766 1767 1768
4427 4424 4419 4416 1752 1748 1745 1755 1758 1762 1765 869
4422 4420 4415 4401 4408 1751 1760 1762 1759 889 868 864
3168 3164 3151 4411 4413 1756 1761 1764 890 885 878 862
3161 3159 3149 3150 3154 1757 888 885 883 881 874 859
3167 3163 3151 3154 3156 3157 884 883 881 877 873 856
3173 3168 3163 3158 3160 3163 886 885 883 879 875 874
6 19
1236 1235 485 465 479 484 485 1132 1137 4420 4161 4156 4158 2950 2938 2941 2944 5032 4098
3491 1233 990 2942 2956 2961 1129 1115 1134 4417 4427 4145 4164 5017 2956 5020 5025 5030 4093
3487 1232 985 996 2961 2477 2476 2471 2478 4876 4084 4087 4996 5014 5016 5019 5022 4087 4091
4468 4454 995 3540 3528 2478 2558 2489 4887 4874 4887 3339 3335 3336 4103 4095 4087 4085 4087
4458 4456 4459 3535 3515 3517 2548 2565 4974 4889 4465 4471 3348 10 4098 4094 4095 4081 4086
4462 4457 4460 3536 3533 3518 2566 4972 4971 4952 4953 4957 21 5 13 4075 4079 4080 4084
2 26
981 982 4102 3292 2304 2313 74 65 797 816 1873 1869 1882 1884 4996 3833 3828 3814 23 28 4138 4118 4122 4125 4107 4118
976 988 4085 3282 3299 3300 3303 69 806 808 4973 4970 4987 4990 4991 4996 3833 3830 41 4132 4131 4127 4132 4130 4114 4123
59 2
1038 1039
1030 1036
1038 1039
1039 1043
468 463
464 457
1821 458
1827 459
2642 2909
2896 2892
2917 2912
4435 2913
4430 4432
4415 4431
4423 3409
3401 3407
3399 3402
3397 3401
3390 3397
3404 3405
3350 3349
3345 3346
3343 3348
3341 3359
4525 1736
4515 1730
4528 1735
4529 2500
2493 2498
2488 2493
2485 2476
2487 2483
3483 2488
3482 3474
3481 3469
4933 3488
4928 4932
4916 4932
4922 4926
4182 4186
4176 4177
4177 4181
4186 4183
4251 4188
4247 4253
4254 4259
4259 2012
2010 2011
1999 2008
2968 2975
2978 2983
2983 2988
2985 591
593 584
596 596
604 600
606 602
607 609
612 613
2 70
1094 896 897 901 2873 2871 2867 2854 2758 2763 2421 2438 1549 1544 1546 556 540 550 552 555 2687 2684 2679 2678 2675 2670 2666 2656 2102 2121 2125 4449 4445 4442 4425 4442 4773 1698 1696 1689 1702 569 571 4129 4126 3455 3468 3470 2496 2494 2498 3794 3804 3806 4242 351 352 4502 4500 4511 4501 4503 830 828 4600 4587 4602 4606 297 296
1090 1092 1094 1095 1097 374 370 367 2745 2765 2420 2437 1546 1543 1541 1532 552 555 555 559 2688 2687 2683 2681 2676 2675 2668 2108 2097 2117 2121 4771 4768 4764 4760 4768 4770 1710 1705 1704 586 568 570 4125 4124 3447 3465 2484 2482 2478 2488 3785 3803 4231 4229 335 351 4501 4498 4496 4499 4500 829 824 823 807 827 832 834 304
7 1
4393
4391
4374
4394
3888
3880
3898
8 3
4211 1286 1266
4202 4417 4398
4212 1248 1229
4550 4548 4535
4329 4326 1830
4335 4322 582
488 2641 579
3029 3014 588
20 1
286
3256
3593
3594
599
579
3789
2706
2382
2507
1383
1392
2344
2339
3532
3950
3952
2090
2079
1878
1 1
9
10 1
3405
1359
3883
3888
62
2924
3717
3729
4484
4485
3 46
3113 3108 3321 3316 3312 3320 3323 3328 3330 1173 1172 1167 1162 1162 1161 1162 226 222 204 206 3230 3216 3235 1276 528 527 512 89 257 258 261 263 3801 3800 3792 4425 4417 4422 4423 4266 4267 4267 4269 2318 2314 2299
3111 3107 3108 3315 3314 3322 3327 3329 3334 1172 1167 1162 1159 1158 1149 1160 230 219 214 822 4364 4357 4377 1271 1267 1265 3548 95 269 271 275 276 3806 3804 3801 4426 4435 4423 4260 4263 4263 4265 4269 2321 2316 2306
3093 3102 3103 3317 3315 3320 3321 3325 3338 1171 1166 1163 1166 1162 1150 1161 830 825 823 807 816 4374 4379 3556 3551 3546 3540 3544 3547 273 278 280 3811 3808 3804 4429 4265 4263 4251 4260 4262 4266 4269 2320 2319 2324
1 42
4403 4398 4397 4392 4387 4384 4383 4381 4378 4377 4375 4370 4351 750 767 772 775 777 3918 3917 3916 1335 1339 1342 1346 1348 1349 1354 1359 1364 3138 3136 3134 3133 3128 3115 3117 2472 2477 2478 2479 2482
2 19
583 581 580 579 555 551 550 2620 2600 3794 2216 2232 3511 3515 3518 191 181 3444 3446
582 577 576 574 570 568 564 3756 3748 3780 3782 1236 3510 3509 3514 188 171 187 3449
64 5
4818 4820 4821 394 399
4816 4817 4822 391 396
4812 4817 4818 390 386
4808 4813 4814 387 384
4797 4813 4814 382 383
4805 4807 374 378 381
373 367 372 374 376
370 365 368 371 375
354 364 365 375 376
367 367 372 380 380
2303 2318 4513 4524 382
2313 4526 4510 4520 4521
2317 4530 4520 4523 4524
2320 2321 2323 4525 4528
2323 1966 1973 3674 3668
1968 1965 1970 3670 3667
1966 1961 1968 3668 3666
1967 1966 3671 3666 3663
1975 1971 3665 3663 3649
1979 1972 3670 3664 1848
1848 1845 1844 1839 1828
276 269 260 1848 1847
271 266 257 1851 1848
267 262 255 263 1853
280 276 274 2538 2539
2541 2537 2533 2536 2540
2536 2534 2530 2531 2543
3391 2523 2517 2536 2544
3389 3078 2518 1605 1607
3392 3083 1608 1604 1606
3397 1627 1623 1618 1619
3733 3730 3729 3720 1485
3730 3728 3725 3718 1483
3731 3727 3726 3734 1487
3862 3856 3730 3737 1489
3857 3855 3857 3860 3861
3852 3846 3861 3862 2047
3854 3861 3866 2043 2045
3855 2039 2038 2042 2043
2037 2034 2036 2038 2039
2036 2032 2025 2028 2042
367 2034 2044 2049 2052
366 361 2046 1962 1963
361 359 1962 1959 1960
354 344 360 1947 3506
350 345 350 3509 3502
349 346 4494 4493 3522
353 350 4496 4490 4501
4703 4700 4504 4500 4503
4718 4698 4716 4502 4506
4488 4494 4491 4505 4509
4485 4481 4486 4489 4490
4490 4496 4489 4490 4492
4495 4498 4502 4507 2625
2769 4501 2753 2754 2624
2764 2761 2743 2752 2623
2766 2749 2747 2615 2603
2771 2751 2750 2617 2613
3962 3959 3956 2619 2617
3966 3954 3952 3956 2620
3956 3951 3950 3950 3955
3963 3958 3947 3945 3948
3960 3955 3941 3943 3946
3965 3960 3945 3946 3951
2 17
444 441 450 452 3359 3364 2351 2335 1012 1020 1549 1548 1547 1549 3686 3693 3698
441 436 432 450 3357 3351 3362 2354 1016 4071 4079 3747 1554 1553 3687 3698 3700
2 49
2120 2117 2103 1040 1045 1049 2088 2075 2087 2888 2887 2519 2503 4692 4707 3965 3954 4860 4858 4842 4851 4853 4752 4734 4748 4752 3872 3878 3876 3878 3763 3761 731 4966 4952 2361 2368 2369 2133 2132 2127 96 99 4999 4994 4978 3498 3504 3505
916 915 902 914 1048 1051 1053 2077 2517 2514 2503 2520 1585 4697 3958 3952 3953 3956 4859 4848 4849 4853 4753 4746 4750 3875 3864 3874 3875 3878 3751 3746 4434 4450 4960 2377 2379 2373 2135 2117 2116 83 98 1979 1974 1973 1955 1968 1971
71 1
3192
3189
3186
3181
3180
3161
3178
3179
3182
3184
3186
3187
3191
3196
3198
3203
3207
3211
3212
3213
3214
3215
3220
3223
3226
3228
3232
3237
3240
3244
3245
3250
3253
3255
3260
3264
3268
3272
3275
1659
1658
1657
1653
1652
1648
1643
1641
1636
1632
1627
1622
1620
1619
1616
1615
1612
1607
1602
1599
1594
1591
1590
1585
1584
1583
1579
1575
1571
1568
1554
1560
1 42
389 388 386 385 372 392 882 899 3173 851 850 4327 33 42 43 4672 4664 3294 1451 1441 1445 1449 1452 2521 2520 2517 2512 4120 4111 2977 2985 2986 2987 2989 1001 996 994 991 989 993 2636 2648
28 5
4973 4972 4975 4976 4986
4970 4971 4974 4979 4981
4968 4968 4969 4959 4961
4964 4965 4968 4956 4959
4960 4960 4956 4952 4957
4959 4958 4953 4949 4954
4957 4954 4948 4947 4950
4954 4949 4945 4943 4945
4935 4935 4946 4941 4944
4931 4933 4933 4936 4938
4930 4928 4930 4931 4935
4929 4926 4929 4933 4935
4928 4924 4928 4935 4915
4924 4919 4916 4915 4910
4919 4914 4915 4908 4908
4903 4913 4911 4907 4904
4902 4898 4907 4906 4901
4901 4896 4903 4901 4900
4898 4894 4894 4901 4898
4895 4893 4893 4896 4895
4892 4889 4888 4883 4890
3727 4887 4884 4881 4886
3725 4879 4876 4871 4885
3721 3726 3725 4873 3730
3720 3718 3723 3723 3728
3700 3713 3718 3719 3724
3708 3714 3721 3721 3722
3720 3717 3718 3721 3725
1 14
3829 3812 4372 4367 3945 2804 4935 684 691 2217 2212 2345 2361 2364
49 2
2141 2140
2137 2135
2119 2115
2128 2125
3142 2127
3129 3134
3143 3138
3148 3142
2711 2708
2715 2707
2710 2706
2705 2704
2701 2700
2696 2683
2737 2729
2739 2736
2744 2740
2747 2744
2751 2756
2755 2758
3149 3151
3146 3147
3141 3144
3138 3139
3126 3138
3136 3141
1097 1100
966 986
978 983
3605 3595
3602 3592
3606 3599
3607 3611
3734 3613
3730 3732
3729 3741
672 690
675 1581
1558 1577
1554 1573
1557 1576
2406 2407
2392 2407
2400 2409
2404 384
372 367
1441 374
1434 1438
1454 1441
5 13
2075 2070 2066 2070 3064 3062 2326 2590 2585 3412 1455 4306 4303
3599 3605 2056 1205 3072 3057 2315 2320 2571 2578 4294 4291 4302
3597 3592 3601 1200 1214 954 2335 2519 2572 1181 1163 4308 4514
3602 3594 3198 1212 1217 961 2338 2523 2575 2580 1170 4230 4228
3220 3216 3211 3214 968 963 2340 2525 2580 4236 4234 4229 4219
1 10
0 1 2 3 4 5 6 7 8 7
17 6
3983 3981 1955 1953 1956 1949
3978 3977 1953 1948 1943 1946
3976 3973 1947 1945 1940 1943
3974 3970 3975 1939 1936 1938
3965 3969 3972 1924 1918 1930
3960 3956 3968 1924 1919 1922
3964 3973 3977 3979 1923 1924
3969 3976 3981 3986 3989 1927
3971 3980 3983 3991 3990 3992
3973 3985 3985 3988 3995 3177
3182 3181 3175 3181 3176 3174
3181 3177 3174 3170 3167 3173
3180 3176 3172 3167 3155 3169
3178 3173 3171 3170 3157 3172
3180 3178 3173 3174 3160 3164
3184 3180 3175 3178 3164 3167
3179 3178 3177 3181 3169 3170
1 67
2451 2448 2443 2438 2433 2424 3070 3072 4615 4612 4631 3805 3817 4854 4843 4845 4850 1435 1434 1414 4756 4750 267 265 281 2969 2964 2976 4730 4722 3668 3679 2226 2210 2219 2221 4296 4294 4293 4273 4284 4285 4290 4291 365 364 359 358 355 353 352 350 345 340 320 322 326 331 334 337 340 341 342 347 351 354 357
1 9
2576 3925 3700 4246 3447 3393 2641 117 660
1 97
3761 3741 3759 3763 234 232 226 4161 4156 4159 4164 281 278 276 274 272 271 260 3864 3867 3871 3875 3877 3881 3882 3885 3890 3891 3896 1478 1473 1469 1468 1463 1449 1464 1465 1469 1471 1474 1476 1477 1480 1485 1489 1494 1497 1500 1504 1507 1511 1513 1514 3592 3587 3586 3585 3580 3579 3575 3572 3567 3564 3560 3558 3553 3548 3543 3538 3535 3534 3529 3528 3525 3520 3517 3509 3520 2963 2944 2958 2963 2965 2970 2974 2978 2137 2133 2131 2126 2121 2116 2112 2111 2110 2125 2129
9 10
3531 3529 3511 3513 3515 1672 1669 1664 1668 1671
3528 3524 3509 3512 3515 1668 1663 1662 1665 1670
3527 3523 3504 3505 1668 1663 1660 1659 1664 1668
3075 3524 3524 3087 3088 1664 1661 1658 1660 1665
3065 3074 3077 3082 3083 1650 1648 1641 1655 1659
3080 3078 3078 3085 3085 1661 1649 1648 1658 1662
3084 3083 3084 3090 1662 1658 1657 1653 1657 1659
3088 3086 3093 3092 1664 1660 1659 1658 1658 1662
3092 3100 3095 3096 1666 1664 1662 1661 1662 1664
32 11
2362 2363 215 200 215 25 29 34 36 42 46
2358 2367 219 218 20 23 27 29 34 37 40
2366 2043 224 22 18 21 24 28 37 2092 2095
2042 2039 2048 18 4 15 28 29 2088 2090 2093
2046 2045 2050 17 15 18 21 2081 2084 2086 2088
2054 2050 20 18 16 19 24 2079 2082 2084 2085
2058 23 22 22 19 23 2080 2078 2077 2066 2068
29 26 2723 2720 2726 24 2082 4807 4806 2076 2080
2306 2723 2718 2716 2724 2728 2726 4796 4786 4795 4798
2305 2302 2715 2714 2723 2724 2725 2726 4797 4797 725
2290 2298 2713 2708 2721 531 521 2728 530 724 720
2303 2299 2713 2709 523 511 518 520 527 719 714
2306 2004 2714 2714 521 520 519 523 526 730 728
2006 2002 2003 2007 1280 1279 1267 1273 738 735 733
1999 1998 1998 2003 1276 1259 1265 1269 1271 739 734
1992 1987 1997 1999 3572 1263 1267 1270 1272 744 736
2003 2001 1998 3574 3564 3575 3580 3128 3123 3118 3115
2005 2003 1999 2437 3565 3567 3571 3121 3118 3117 3114
2440 2435 2433 2426 2443 4783 4788 3124 3123 3120 3113
2443 2438 2436 2436 4782 4778 4771 4775 3121 3120 3116
2446 2450 4772 4768 4766 4759 4767 4771 3129 3125 3121
2413 2414 4774 4773 4771 4772 986 990 992 3129 3130
2411 2411 2403 2404 4425 4416 989 992 994 3130 3135
2409 2408 2401 2400 2402 4435 990 995 995 3132 3137
2409 2405 2404 2397 2398 4436 1597 1602 996 3136 3140
4227 2401 2400 2391 2392 2393 1592 1591 1595 1600 3144
4226 4224 4212 2392 2393 1595 1581 1589 1592 4439 4443
4230 4219 4218 4221 2395 2400 1584 4430 4435 4436 4441
4223 4221 4222 4225 2397 4436 4431 4427 4429 4432 4436
4452 4447 4446 4443 4438 4434 4432 4423 4425 4431 4434
4455 4452 4441 4437 4434 4432 4415 4422 4425 4427 4432
4451 4448 4443 4442 4438 4993 4977 4993 4428 4429 4430
2 4
492 498 4786 4049
509 510 4053 4040
1 33
1103 1123 1124 1129 1131 2422 2420 2413 2423 2424 4013 4003 1939 1920 891 909 112 111 110 105 89 96 100 4333 4330 4325 4322 4318 4316 4318 4323 4324 4326
3 31
3333 3324 3340 3345 3346 3347 3351 3353 354 348 367 2525 2517 2535 2538 3438 3441 3444 2962 2961 2959 2948 624 627 2680 3853 3850 3853 3854 4760 4759
3337 3332 3341 3350 3351 3352 3353 1330 1329 1324 1328 2538 2535 3428 3430 3434 3437 2973 2968 2963 2943 2944 623 2667 2664 2679 3847 3851 3845 4757 4755
3340 3335 3356 3354 3357 3361 3356 1332 1331 1321 1332 2540 3452 3447 3452 3457 3458 2972 2971 2967 2957 624 611 619 2684 3830 3827 3843 3844 4751 4739
2 16
2281 755 739 1860 1863 4827 4814 459 453 4561 2412 2429 2066 2050 2069 2071
2277 3899 1012 1024 4202 3504 3492 3503 462 1853 4220 3752 3754 2061 2062 2067
6 13
3427 3426 3428 3429 3438 2550 2546 2531 2529 2525 2524 1326 1320
3424 3422 3426 3429 3435 2548 2544 2525 2524 2522 2519 2524 1334
3413 3418 3423 3427 3430 2546 2541 2536 2532 2530 2513 2517 2521
3429 3431 3435 3432 2549 2545 2544 2537 3318 3317 3313 3319 2526
3430 3432 3434 3438 3443 2549 2548 2300 2279 3319 3322 3324 3327
3431 3433 3437 3440 3445 2303 2300 2295 2276 2278 3323 3326 3331
5 7
2558 2547 2566 848 832 2007 2013
2568 2563 841 829 831 2000 2011
1833 2564 841 839 3374 3357 3363
1820 1837 1838 844 1774 3359 1872
1821 1840 1772 1770 1764 4458 1871
3 2
652 4594
262 244
52 253
1 25
3314 1344 1925 1936 325 323 3127 4391 4390 3102 3082 3092 3096 1960 1958 1940 4416 2341 2326 2346 2684 4673 2720 2724 3118
1 8
3397 2639 4168 3280 3299 3839 2804 3889
23 8
808 820 1013 1010 1011 533 529 522
821 1012 1011 1007 1010 3615 3604 528
499 502 1007 1005 1000 3620 3617 531
483 500 1002 1001 992 1001 541 541
503 506 1006 1004 1009 537 534 539
504 2253 1007 1200 1010 3152 545 540
2271 2252 1195 1180 1194 3151 3166 3170
2274 2271 1204 1199 3441 3456 3170 3172
2275 2278 1204 1201 3449 2966 2969 2972
2277 2339 466 463 465 2958 2976 485
2338 2337 2340 458 456 464 469 481
2344 2334 2335 986 471 465 471 485
2347 2345 2337 993 476 3340 3337 486
1115 4021 4023 4027 3330 3335 3336 3340
1103 4007 4026 3333 3328 3333 3334 4137
1118 4020 505 507 3325 3328 3332 4133
1122 1125 501 505 3321 3326 3330 4132
1126 493 485 504 3308 4705 4121 4127
4467 4453 499 4710 4706 4693 4120 4124
4472 4472 504 508 4710 4110 4107 4118
4476 4477 505 2625 2624 2619 4126 4130
4481 4479 4482 3405 3401 3400 4715 4729
4484 4483 4485 3414 3409 3404 4721 4725
19 2
2628 2633
2610 2611
2625 3744
3778 3731
3797 3741
2245 2242
2252 2237
4261 4242
4257 4254
4260 4259
4263 4263
4264 4266
3333 3338
3328 3337
3314 3334
3331 3334
3333 3339
3189 3192
3169 3187
9 4
498 505 1831 1833
4817 4834 1815 1831
3364 3368 1824 1835
3378 3383 3388 3392
4666 773 765 3396
4651 758 760 763
4668 4869 4889 3028
587 4741 4745 3027
570 4735 4741 3018
2 6
3246 1658 1638 1470 3588 4122
2001 4778 2097 1553 1546 3268
24 8
4979 4979 4990 4993 4996 4996 4991 4987
4975 4968 4987 4990 4993 4992 4987 4986
4976 4971 4992 4995 4996 4993 5010 5006
4980 4972 4997 2275 5001 5015 5013 5011
4981 4976 2268 2270 4501 5020 5015 5014
2273 2268 2263 2268 4496 4497 1793 5016
2275 2250 2243 2255 4491 4494 1790 1791
2248 2245 2244 2248 4486 4488 1788 1784
4500 2246 2245 2246 4481 4483 1786 1783
4495 4493 4486 4480 4479 4482 1796 1777
2971 4488 4483 4482 4471 1325 1327 1780
2961 2977 4488 672 659 1306 1320 1324
2974 2136 203 675 670 1320 2418 2404
2977 196 195 210 2421 2416 2401 2402
2978 200 199 2431 2426 2418 2408 2411
2979 205 2437 2433 2427 2432 2409 2412
2507 2494 2439 2435 2432 2492 2487 2490
2504 2492 2495 2501 1311 2484 2482 4977
2501 2490 2495 2496 1309 2481 2479 4975
2499 2481 2498 1300 1306 2477 2474 4969
2504 2499 1303 1299 1303 2484 2481 4982
2505 1305 1302 1296 1297 2537 2534 2535
2509 1289 1287 1295 1297 2545 2526 2528
2513 1291 1294 1297 1299 1301 2536 2541
3 44
2152 2153 2153 2156 2150 4428 4426 4423 4418 4415 4413 4409 4410 1797 1792 1791 1789 1784 1766 1784 1785 4962 4958 4619 4617 4616 4614 4624 4628 121 124 4849 4845 4849 3825 3813 3817 3832 3824 3828 3829 3804 3800 3801
2147 2140 2148 2150 2149 2152 4424 4420 4417 4413 4408 4406 4402 4403 1796 1793 1790 1789 1784 1789 4968 4970 4957 4621 4616 4611 4610 4608 4620 118 4856 4851 4837 4853 3828 3830 409 3831 3827 3830 3795 3795 3797 3799
2144 2139 2137 2143 2144 2149 4426 4424 4418 4416 4410 4391 4398 4402 1797 1796 1795 1797 1785 4966 4965 4954 4955 4960 4620 4616 4613 4609 101 116 117 4852 4846 4856 428 423 406 413 3828 3799 3787 3794 3795 3798
1 4
795 4156 1609 4935
5 5
24 24 0 5 14
13 7 16 20 16
0 16 30 16 0
8 23 15 22 11
9 25 0 25 12
4 3
2522 1497 3953
1515 1496 3941
1519 1507 3956
529 522 527
3 7
2835 2844 928 925 2400 2411 1809
324 3738 4863 3632 3580 1797 1804
333 3683 2278 2267 3564 3226 3231
15 8
3593 2700 2696 2692 2692 2685 2687 2689
3591 2695 2693 2691 2690 2683 2683 2687
3586 3591 2690 2688 2685 2682 2682 2686
3581 3575 3574 3566 2682 2680 2681 2680
3576 3573 3570 3565 2677 2676 2672 2678
3571 3568 3567 3563 2673 2671 2670 2663
1400 3566 3564 3560 3554 4878 1942 2671
1399 3565 3561 3556 3547 4861 1931 1939
1395 1526 1529 1378 3561 4873 1947 1950
1390 1525 1512 1373 1357 1365 1952 1954
1382 1383 1521 1364 1361 1364 1588 1956
56 64 1524 1368 1364 1584 1583 1585
58 61 4847 4845 1366 1585 1577 1585
63 67 4845 4841 4839 4834 4829 572
65 70 4844 4840 4837 4833 4815 569
63 3
1459 1454 1452
1455 1450 1449
1452 1448 1446
1451 1447 1444
1446 1445 1442
1444 1438 1437
1442 1430 1436
1438 1429 1431
1433 1418 1435
1435 1425 1428
1432 1429 1432
1434 1430 1433
1435 1431 1435
1437 1433 1439
1440 1438 1441
1443 1447 1444
1455 1450 1449
1458 1455 1454
1467 1464 1459
1472 1465 1460
1469 1464 1461
1468 1467 1463
1469 1466 1464
1475 1470 1465
1475 1472 1466
199 1473 1467
194 190 1470
190 189 192
189 184 185
188 183 186
186 181 190
184 180 185
182 178 183
182 177 180
177 175 175
173 172 173
169 170 171
164 167 170
160 154 159
157 152 158
156 151 145
156 155 146
165 160 149
4424 162 4421
4421 4417 4419
4417 4415 4414
4070 4424 4408
4067 4072 4412
4062 4065 4417
4061 4075 4077
4079 4080 4082
4082 4084 4090
4083 4086 4089
4086 4087 4093
4089 4091 4096
4090 4096 4097
4093 4099 4100
4095 4098 4102
4100 4101 4103
4102 4103 4105
4103 4108 4110
4106 4110 4115
4110 4115 4116
3 3
9 6 3
5 9 6
3 5 9
8 15
4919 4915 4911 4891 4896 4674 4692 4283 4310 3575 3578 1105 1104 1097 1098
4236 4919 4874 4851 3991 4268 4280 4281 4305 3571 3576 1026 1100 1095 1078
4232 807 4869 4850 3986 3990 1437 4304 4298 3565 3584 1010 764 1084 1079
4214 795 796 4861 4005 1444 1434 1437 4303 2198 1324 747 744 745 1084
4227 798 4561 4570 1849 1858 1436 1438 3931 3921 3940 752 749 3708 3709
4230 799 4564 1861 1858 1861 1868 3936 3933 3922 758 753 3692 3690 3697
335 335 1231 1229 1860 1861 1866 406 405 401 400 393 380 372 389
324 331 1224 1219 1232 1864 409 407 403 398 395 392 389 386 390
5 5
1 2 3 4 5
2 9 3 9 6
3 3 0 8 7
4 9 8 9 8
5 6 7 8 9
4 10
1038 1040 1036 1042 1041 1044 1046 1051 1056 1058
1037 1050 1034 1037 1040 1041 1043 1047 1050 1051
1036 1031 1032 1035 1038 1043 1048 1052 1055 1060
1039 1037 1037 1039 1043 1046 1047 1051 1055 1057
2 9
4685 1482 3451 250 258 1454 1456 3347 3334
3424 1180 575 2402 1446 1434 1438 2335 2332
5 21
4649 3726 3725 3727 3732 1270 1267 1192 1188 1177 1459 1460 4134 4130 4116 3722 3721 109 106 89 824
4647 3728 3714 3724 1273 1268 1265 1264 1183 1164 1455 1458 4128 4127 4114 3712 3707 3711 2684 2672 838
4643 4628 3723 1143 1269 1268 1263 1259 1248 1466 1452 1453 4136 4131 3673 3670 3725 166 177 2686 1452
4644 3239 3235 1139 1141 1244 1259 1256 1240 1258 4174 4184 3297 3279 3663 3667 180 179 183 1458 1440
4645 1141 1137 1136 1148 1239 1237 1234 1214 1229 4190 3295 3293 3275 3289 3668 181 184 186 806 796
2 3
7 6 7
7 6 7
14 1
4820
4808
4820
3991
3990
3988
3985
3982
3983
3985
3986
3990
3993
3996
19 3
312 309 311
310 306 309
297 303 304
284 301 303
293 2484 306
2494 2483 2502
2506 2501 2503
2507 2506 2508
2509 2510 2513
2512 2512 4932
2516 4931 4931
4936 4927 4927
4935 4922 4924
4931 4928 4933
4932 4931 4935
4938 4935 4938
4940 4936 4941
4944 4937 4940
4945 4949 4953
2 13
8 8 8 8 8 8 8 8 8 8 8 8 8
8 8 8 8 8 8 8 8 8 8 8 8 8
100 100
24 21 19 22 26 23 22 17 22 26 28 33 38 36 39 40 43 45 49 50 62 61 59 67 72 76 74 78 79 87 97 93 96 94 94 96 100 102 104 101 101 95 97 99 91 92 97 96 117 109 111 116 115 112 109 86 84 77 74 71 67 66 61 56 50 47 43 42 37 30 26 22 18 15 19 23 26 27 28 32 37 32 29 28 26 22 9 5 7 12 13 17 22 24 28 30 32 34 32 28
23 18 16 20 22 21 17 14 18 21 23 25 28 34 36 39 44 48 50 50 52 58 58 62 66 69 70 73 80 85 87 89 92 91 93 95 100 104 102 98 96 93 92 94 90 88 92 93 112 107 104 106 114 110 107 85 83 79 76 65 64 61 56 52 47 43 40 37 33 30 31 26 21 14 16 19 27 26 31 37 40 43 39 27 22 20 16 3 5 9 15 17 17 19 20 24 24 21 19 23
21 9 1 9 12 20 14 13 13 18 19 30 27 31 34 38 43 49 48 49 52 55 57 62 61 70 73 72 77 81 83 87 87 88 90 100 99 103 98 97 91 90 87 89 91 85 88 90 92 102 103 106 114 110 106 96 85 83 93 66 69 64 61 53 57 55 52 43 34 29 27 24 19 0 11 16 19 21 23 24 39 35 34 29 26 15 11 0 1 2 5 10 14 15 16 22 21 18 17 20
20 18 17 18 19 16 14 11 9 14 24 23 25 27 39 40 43 46 43 47 48 53 53 57 58 63 64 68 70 74 79 82 86 88 104 99 96 96 93 94 90 89 84 83 79 80 84 87 90 98 101 104 109 108 103 93 94 95 90 92 88 84 63 58 53 52 47 42 37 34 31 26 19 16 17 19 35 39 43 48 35 32 29 24 22 17 15 14 3 4 10 13 18 17 19 27 18 15 13 15
22 20 19 23 22 17 23 21 1 18 20 22 24 28 29 30 31 36 40 43 47 48 52 53 56 61 63 65 67 71 76 79 84 86 87 97 95 93 91 89 94 82 79 80 75 77 82 87 89 93 94 103 103 104 101 92 89 91 88 86 85 80 73 72 56 53 50 44 38 30 25 23 19 18 22 27 32 35 39 40 34 29 26 24 20 19 16 20 21 36 39 39 19 26 24 25 18 14 9 14
23 25 23 28 32 31 28 24 6 11 13 26 28 33 32 31 32 34 35 39 41 50 54 63 59 66 68 69 71 83 77 82 87 90 96 92 91 90 89 85 79 79 76 69 71 75 76 76 79 97 105 102 100 99 96 92 87 86 85 82 80 76 74 68 58 55 50 49 44 31 27 26 23 19 23 30 34 37 41 39 34 33 27 27 23 24 20 25 28 32 35 36 37 23 22 20 17 11 8 10
35 32 27 30 35 33 30 29 7 12 15 19 21 38 33 34 37 42 36 42 59 53 56 59 64 67 71 75 78 80 84 89 88 80 81 86 87 91 85 81 77 73 71 66 68 68 76 75 78 80 85 61 104 102 100 89 86 82 80 78 74 72 70 65 62 57 51 46 42 37 32 29 25 26 31 35 39 40 44 37 35 40 40 38 29 24 22 27 31 34 38 40 41 25 26 14 13 8 6 8
41 37 28 47 43 38 34 13 10 15 17 24 27 30 38 37 41 47 50 54 57 62 65 61 66 69 74 77 79 82 81 85 82 79 77 81 83 88 72 83 82 69 67 65 66 67 71 72 73 74 61 59 61 107 93 92 87 86 82 80 79 76 72 70 65 59 49 48 43 42 34 31 27 29 30 39 42 43 44 42 41 38 37 34 31 29 25 31 33 38 42 42 47 27 22 15 14 5 0 17
44 41 49 45 44 43 45 18 13 16 19 20 22 27 43 48 49 50 53 57 60 65 66 70 77 72 76 77 81 86 79 81 85 78 75 80 82 87 70 69 62 57 62 61 65 66 69 65 74 69 63 57 59 98 97 94 90 90 89 87 84 81 73 69 68 62 50 52 49 47 38 36 31 34 37 42 45 49 49 44 43 39 39 36 33 32 36 33 37 43 45 47 52 21 17 12 9 8 3 7
48 45 54 49 46 45 49 20 15 18 23 23 26 29 46 50 54 52 57 59 71 66 67 79 85 73 81 81 86 81 75 79 84 75 74 77 78 74 69 64 59 56 54 60 57 67 58 60 60 64 60 55 59 67 99 98 91 103 98 90 87 85 77 74 69 64 55 54 45 40 39 39 34 39 42 45 47 50 54 35 47 42 42 38 37 39 42 35 36 46 47 51 53 54 19 15 10 13 5 12
49 61 57 52 49 46 52 24 20 21 24 26 30 34 36 54 49 52 60 63 75 68 72 77 82 84 88 91 80 76 72 71 74 73 69 74 77 70 65 60 56 51 51 57 54 59 57 58 56 58 56 52 56 62 65 99 103 101 97 95 91 87 88 78 56 54 52 51 48 46 41 40 37 42 43 47 50 52 57 34 32 36 53 45 40 45 19 37 38 51 54 34 55 58 21 17 12 14 8 16
74 70 60 57 54 47 26 25 21 24 29 28 30 31 34 47 46 50 53 64 76 72 73 79 84 86 88 89 93 72 67 66 70 69 66 68 72 75 55 53 52 48 47 50 49 52 54 56 51 56 53 51 53 57 61 66 104 100 99 99 95 90 89 80 60 57 55 54 51 49 46 44 40 44 45 46 52 53 38 35 31 31 48 47 45 17 18 17 25 27 29 31 33 38 54 54 53 49 13 55
70 65 61 58 57 60 34 29 26 31 31 31 36 35 39 43 45 49 50 61 60 73 87 83 82 77 83 85 89 76 64 63 72 68 64 67 69 74 48 53 50 46 44 45 46 49 48 54 50 55 52 50 54 58 61 63 107 104 103 106 96 94 94 83 87 62 59 58 55 51 51 46 45 45 47 50 53 55 40 32 30 28 27 28 20 15 11 13 22 25 24 25 57 55 52 54 50 47 46 51
72 70 62 65 60 65 33 31 28 33 38 36 38 36 40 47 47 53 54 56 59 62 84 79 81 76 80 85 66 65 67 62 60 62 59 62 66 67 43 43 41 42 40 42 47 50 43 51 46 47 52 47 52 55 59 62 65 110 105 101 100 99 97 84 70 63 60 62 64 67 56 50 46 50 61 53 54 56 40 37 33 25 24 23 17 13 10 11 19 20 22 24 52 50 49 45 39 42 44 49
75 71 72 65 63 69 37 35 29 38 42 44 39 50 45 46 48 58 57 57 63 82 79 76 77 72 72 68 62 61 64 61 59 57 58 54 54 62 38 38 37 40 35 37 38 45 40 43 42 44 49 45 49 52 57 58 61 70 107 104 101 101 102 68 66 63 61 66 65 69 56 51 49 59 58 58 56 53 42 40 26 21 20 18 14 11 6 9 14 17 19 22 26 30 45 42 38 40 42 44
76 75 79 75 74 73 43 38 31 40 45 50 55 59 48 51 62 61 66 59 64 81 80 75 73 68 67 64 62 60 65 58 56 53 54 52 53 57 37 35 33 38 34 30 29 39 36 37 38 41 42 40 45 54 60 60 65 67 68 107 81 78 76 71 70 68 65 66 60 56 55 53 54 61 56 50 51 48 44 42 35 23 22 21 11 7 2 7 10 11 16 21 24 28 41 37 35 37 39 43
89 85 84 83 78 75 46 43 35 44 49 51 58 62 65 56 58 64 67 85 81 77 75 73 72 67 65 63 58 56 60 53 51 50 50 47 47 52 54 32 30 28 29 27 26 28 35 40 36 37 42 38 41 47 52 54 56 60 63 80 78 82 80 72 79 69 66 70 77 60 59 56 59 57 54 49 45 43 38 37 33 29 27 29 20 17 1 21 24 16 19 24 28 40 36 34 33 35 34 33
91 89 85 83 81 86 87 48 38 46 51 52 61 65 66 59 60 69 86 82 77 72 68 63 62 60 64 60 56 53 58 51 48 47 46 43 42 47 31 27 25 26 24 22 24 26 31 36 32 34 36 37 38 43 46 47 52 55 60 65 74 77 73 77 74 70 69 76 74 71 70 66 61 59 56 54 45 44 43 42 34 30 28 25 21 18 17 22 23 26 33 28 31 38 34 32 30 31 29 31
97 93 91 88 85 91 96 98 100 50 52 120 122 126 69 63 64 71 89 81 79 69 66 65 61 57 54 62 49 48 41 47 44 40 39 40 40 45 47 26 23 19 17 19 22 21 23 25 28 30 35 38 41 42 43 47 51 53 56 60 69 69 71 76 81 72 71 73 77 76 71 69 62 62 57 55 49 49 52 42 37 38 27 25 21 19 30 27 31 33 38 31 38 33 31 29 26 31 26 30
102 96 106 101 98 93 101 101 103 111 117 116 121 122 124 127 132 133 83 79 78 75 73 69 66 52 51 48 44 43 40 42 41 36 34 37 39 32 31 28 22 16 12 16 18 19 21 22 25 30 37 38 42 46 45 49 51 55 59 65 64 68 71 79 73 77 76 85 80 78 75 70 65 63 58 52 49 48 47 44 36 35 32 29 26 22 37 32 37 42 45 50 26 38 31 27 25 24 21 26
102 100 107 106 103 94 96 103 105 110 112 115 117 126 128 130 135 138 142 86 81 76 74 59 58 54 51 48 42 38 37 38 36 34 31 35 35 30 29 25 20 0 11 16 23 20 25 26 26 28 41 43 47 47 47 50 51 55 63 63 59 55 57 68 71 73 79 86 88 82 80 74 73 71 61 69 68 49 44 39 37 35 34 34 37 45 41 35 41 45 50 24 21 20 15 11 24 21 19 25
128 110 107 106 105 95 99 107 109 115 117 120 124 130 131 143 147 143 75 88 74 78 65 60 55 52 49 46 42 37 36 37 29 29 26 24 26 35 25 23 21 4 15 19 24 38 30 28 30 47 50 49 54 53 51 49 48 54 60 61 57 52 53 63 67 69 74 86 85 78 77 72 73 67 70 67 65 48 47 56 43 40 39 38 42 48 45 39 44 50 23 19 16 15 13 10 7 1 18 20
124 120 116 114 110 112 114 112 110 114 118 124 129 132 137 140 145 150 74 72 71 62 60 63 56 52 50 48 45 28 31 33 27 23 22 19 21 38 31 26 26 7 20 25 30 33 35 36 39 42 45 46 47 50 51 45 47 51 55 56 51 50 57 60 65 68 88 86 84 85 75 71 68 64 63 62 60 59 56 52 47 44 42 41 54 53 48 41 43 28 26 22 25 22 17 13 10 6 19 22
129 126 119 116 111 114 118 121 111 118 121 122 134 136 138 141 142 76 73 70 67 63 58 59 37 36 52 37 27 25 26 29 16 11 18 15 18 16 34 16 15 12 23 27 31 38 38 41 40 47 50 47 46 45 47 42 46 50 55 39 50 49 52 56 59 63 89 84 81 80 85 73 70 65 65 66 62 60 57 56 50 46 44 42 59 54 50 43 46 32 28 24 27 23 19 16 12 10 11 15
127 123 119 117 114 119 124 126 121 120 125 124 138 137 139 143 86 81 77 73 72 57 53 41 39 35 34 33 28 24 22 19 17 9 11 10 4 15 20 20 18 14 15 28 32 33 38 44 47 49 54 46 45 42 39 37 36 43 32 37 45 48 52 76 79 81 81 82 83 78 83 87 73 75 68 69 67 62 65 60 51 51 48 63 61 52 49 46 47 36 33 37 32 28 24 20 15 15 12 16
132 127 122 119 121 120 121 126 130 125 126 127 139 140 151 146 79 77 75 62 60 56 52 47 45 43 39 38 25 22 18 17 13 8 7 6 2 11 14 18 22 15 16 30 33 38 39 42 43 47 49 30 41 38 37 34 35 38 30 34 44 44 69 72 77 76 78 79 78 73 77 89 74 75 73 69 68 63 66 57 53 77 73 68 64 56 53 50 52 41 35 39 34 30 25 23 17 16 13 21
135 130 125 128 126 121 125 130 132 128 131 146 141 143 152 151 76 75 74 72 60 59 57 49 47 46 35 33 29 26 27 22 15 10 5 4 0 10 13 13 18 18 20 34 38 39 44 46 48 64 33 29 34 29 36 32 34 28 29 42 39 43 66 70 72 73 77 65 75 72 77 78 75 82 81 74 69 74 68 56 54 63 77 71 66 61 55 60 46 43 44 44 36 31 28 27 22 20 15 26
136 133 129 133 128 125 130 135 139 131 133 144 147 86 85 81 80 78 73 69 64 62 60 47 46 41 40 36 30 26 24 23 27 14 10 5 4 6 10 11 13 21 43 38 40 41 49 52 56 60 30 28 28 27 34 31 30 24 29 30 34 53 64 67 67 71 58 63 68 71 76 79 84 82 79 77 74 76 61 57 67 62 58 74 64 62 59 61 51 47 47 41 37 32 33 32 34 22 31 28
136 132 131 130 128 127 133 139 85 133 138 141 142 146 84 83 78 77 74 72 66 67 57 53 51 50 45 38 36 32 29 28 29 34 12 7 8 9 13 13 17 22 46 39 44 48 53 57 57 64 27 25 23 24 31 27 25 23 26 29 31 49 59 56 62 67 57 62 64 69 73 78 78 82 81 81 76 66 62 60 63 58 57 53 53 66 62 62 62 48 45 42 38 42 38 33 36 40 45 30
83 78 77 138 136 131 136 90 83 91 92 145 149 153 85 82 85 81 79 134 72 69 68 64 59 54 47 33 32 31 30 29 34 39 12 11 9 11 14 19 20 25 51 41 48 50 65 62 60 30 26 26 21 16 9 15 17 22 24 31 34 44 54 52 57 54 55 59 61 64 74 75 76 89 85 86 78 68 60 58 55 59 55 50 52 56 52 49 58 59 62 45 44 41 37 34 40 45 49 54
79 78 74 140 137 136 86 85 81 86 89 93 150 91 88 79 83 136 135 130 126 118 69 65 60 42 41 40 36 33 35 33 36 44 17 12 13 15 16 18 22 27 54 59 65 68 70 63 29 25 23 19 16 15 8 12 13 18 22 26 31 42 43 47 50 50 52 57 62 60 65 69 71 93 87 68 64 60 59 55 54 53 50 46 50 57 45 46 54 57 59 47 50 46 42 38 45 49 53 56
78 73 73 77 76 138 86 81 78 79 82 85 93 88 84 78 90 132 128 125 121 117 120 52 50 47 46 44 39 38 37 39 24 20 18 14 16 24 20 21 23 25 56 59 61 64 65 64 28 31 26 17 12 1 3 7 12 14 26 30 33 37 41 43 44 46 47 49 60 57 59 60 61 88 88 67 66 56 54 53 51 47 46 44 49 52 44 44 49 50 55 59 52 51 43 45 64 61 56 61
77 71 72 69 73 67 68 72 74 76 88 84 83 83 79 77 85 89 124 122 118 116 61 56 54 49 53 49 45 42 38 43 25 24 20 29 28 25 23 24 27 65 61 60 61 64 58 59 27 22 21 19 17 17 5 10 13 16 20 23 37 40 44 47 50 47 51 53 55 56 60 63 78 83 85 63 62 61 57 52 48 45 42 39 36 35 42 43 45 47 48 47 48 73 47 67 70 65 60 63
72 66 67 68 69 65 67 67 69 73 76 83 82 79 76 76 80 81 119 116 114 111 105 110 109 54 49 45 44 43 42 44 45 26 48 45 30 29 26 28 31 73 69 65 61 61 54 57 30 29 24 20 19 7 6 14 16 20 21 27 31 35 45 52 55 51 53 57 60 61 66 71 73 74 89 67 66 63 58 56 52 40 38 36 35 30 38 41 35 52 37 43 42 72 70 66 69 65 62 65
67 62 65 66 65 64 62 63 60 75 84 82 78 77 74 72 77 82 115 112 111 106 104 106 104 57 52 48 47 45 89 82 52 47 43 40 36 31 35 39 43 69 65 60 59 56 53 54 29 27 25 18 16 15 10 23 19 21 26 32 36 39 55 54 57 55 60 65 64 69 67 72 78 82 85 57 65 61 59 58 44 40 39 41 30 29 33 34 33 31 36 40 39 47 64 61 65 68 63 70
65 60 65 66 62 62 59 55 59 60 65 60 59 74 73 69 72 76 119 74 105 103 102 101 99 95 94 90 89 85 84 81 79 65 64 60 39 33 36 56 51 54 61 63 62 52 48 49 54 30 28 25 24 20 12 17 23 23 29 33 40 41 58 57 60 58 60 69 67 69 68 69 81 86 57 55 57 44 48 46 41 39 36 33 31 26 31 25 29 30 34 35 37 42 61 59 63 68 64 74
62 55 56 60 61 61 57 54 55 47 54 58 55 71 70 66 71 75 80 72 78 82 106 103 96 93 92 88 86 84 80 77 75 74 60 57 56 57 58 54 49 55 59 62 68 48 43 39 42 52 56 61 24 23 14 17 27 26 32 34 37 41 65 60 63 63 65 71 72 73 72 86 84 57 54 50 44 40 42 33 45 38 35 28 25 24 21 24 28 29 39 41 46 49 57 55 60 64 65 66
57 54 55 57 56 57 53 52 50 45 51 52 51 54 61 65 67 71 71 71 74 78 81 99 97 96 96 90 85 80 77 75 72 69 59 54 52 53 54 50 46 51 55 60 64 40 39 38 44 47 51 56 31 27 16 20 29 30 34 35 38 76 73 71 68 73 77 86 77 78 83 61 57 52 50 45 40 36 32 31 28 31 30 25 24 22 20 21 23 31 38 42 44 49 53 52 57 61 66 73
54 51 50 52 52 51 54 55 39 44 46 49 49 51 58 63 66 68 70 69 78 77 81 87 95 100 90 93 90 86 82 73 69 67 52 49 48 50 49 48 45 40 47 65 40 39 35 34 43 43 48 53 57 30 32 24 27 31 39 36 48 60 75 75 71 77 79 84 86 81 82 84 62 57 37 33 32 31 30 28 26 24 32 30 21 19 18 26 25 26 35 41 42 46 50 50 51 52 67 68
54 50 48 49 51 48 43 40 38 39 51 47 46 56 53 57 61 64 70 65 74 74 81 84 94 91 87 82 77 74 72 68 65 62 50 48 47 46 48 43 41 37 42 46 33 32 31 33 38 40 43 46 49 42 46 53 50 35 57 52 47 58 57 98 86 82 83 88 87 85 86 88 63 60 41 36 35 33 27 25 24 22 26 19 19 15 17 21 24 29 34 37 40 43 45 47 51 60 62 64
49 46 44 46 44 45 40 44 35 37 40 44 42 43 49 50 67 63 69 64 69 73 78 79 80 86 83 79 73 71 68 64 62 57 55 50 45 43 47 38 44 32 28 32 29 29 28 31 36 40 42 45 44 41 45 48 47 48 52 51 46 53 56 93 90 85 88 91 94 88 88 57 56 53 48 45 41 36 37 34 21 19 17 15 15 14 18 24 23 30 35 39 40 44 48 50 53 58 59 62
45 42 43 40 42 40 37 35 32 31 38 40 39 41 45 48 53 59 60 60 64 76 81 83 80 79 77 74 70 68 63 62 57 56 53 48 41 41 39 36 41 27 25 27 28 26 27 30 34 38 45 52 57 40 41 41 43 45 48 46 44 48 53 57 91 88 93 98 103 104 107 58 52 49 48 43 42 40 34 29 19 16 13 10 10 9 13 24 19 20 24 24 28 29 30 51 56 63 64 68
40 39 39 36 42 39 34 31 27 29 33 33 37 40 41 59 57 56 57 59 60 63 67 72 89 84 79 75 75 66 61 60 56 52 48 43 40 38 33 32 35 22 20 25 22 22 25 28 32 33 35 47 46 38 44 37 39 42 39 42 41 43 46 58 62 89 98 78 106 109 89 90 86 53 52 47 39 35 31 26 25 23 10 7 5 4 8 10 14 17 19 20 24 28 30 35 37 66 65 72
40 38 35 33 30 26 32 27 22 26 28 29 35 37 61 57 49 55 56 60 61 64 68 69 91 89 84 79 67 64 63 62 53 51 47 46 42 38 35 31 22 22 19 20 17 19 21 26 31 37 48 44 41 34 40 35 38 39 34 39 36 37 37 64 66 91 73 73 78 79 84 78 83 57 55 36 34 33 29 25 23 20 16 11 1 0 5 9 10 11 15 17 22 26 42 37 45 48 47 75
44 43 35 29 26 24 25 23 19 21 22 25 30 34 55 53 48 53 54 54 58 61 64 69 96 93 94 70 67 65 68 63 56 55 51 33 32 30 27 26 21 20 16 15 16 17 19 23 28 32 33 40 36 33 35 34 37 38 32 36 32 33 36 62 65 74 71 69 74 76 81 76 79 50 40 38 37 35 32 27 28 22 16 12 3 1 7 11 11 15 19 24 26 44 41 46 40 45 46 50
40 39 32 27 25 23 23 18 17 23 25 22 26 32 38 41 43 47 51 52 54 58 60 63 68 71 76 74 70 67 65 62 57 56 60 38 34 32 31 29 20 16 13 1 20 19 20 24 27 31 36 41 32 31 36 31 32 28 27 28 31 32 62 59 64 69 72 67 69 72 76 75 77 46 45 43 39 35 34 35 29 25 19 17 16 11 10 16 13 16 20 33 33 35 36 37 39 41 47 54
36 35 33 30 25 22 21 18 16 19 22 18 25 30 35 39 42 44 47 49 53 60 62 62 68 68 74 76 75 72 66 65 62 58 61 39 36 31 28 26 22 21 15 10 26 23 21 25 28 29 38 31 22 26 31 26 19 21 26 31 35 61 57 56 58 59 68 66 68 75 76 72 74 79 47 45 40 38 35 38 41 28 29 24 19 14 12 18 15 21 25 29 32 33 35 37 43 44 63 68
34 32 28 35 30 22 19 17 12 13 14 17 22 25 30 34 36 37 50 51 53 55 57 60 64 66 70 71 74 68 67 66 64 61 47 42 39 34 30 27 25 23 18 20 28 27 25 29 31 38 34 29 21 24 22 24 18 18 22 26 29 59 55 53 52 54 60 63 64 69 69 68 47 55 51 48 40 39 36 39 44 34 33 28 22 17 15 17 19 22 27 32 36 36 39 42 48 51 61 65
32 30 26 31 24 22 21 13 11 14 13 16 20 22 23 37 39 42 43 52 58 56 59 61 67 67 70 72 76 72 70 72 67 63 48 39 37 36 31 29 28 24 21 23 27 28 29 33 37 31 30 27 20 19 18 22 14 15 20 25 26 38 49 48 48 53 57 62 64 66 60 64 46 51 49 53 44 53 37 41 44 39 34 30 35 22 20 19 20 23 30 36 40 38 40 41 52 56 58 62
37 26 23 25 18 16 10 7 8 17 11 13 24 20 43 40 42 43 47 68 61 78 82 85 83 70 71 79 78 75 71 67 71 65 63 58 42 40 35 33 32 26 24 26 31 32 32 34 39 36 25 22 17 16 15 10 11 21 9 11 14 33 48 47 46 48 53 57 59 63 58 60 42 43 44 48 48 48 47 44 49 50 37 31 32 42 25 23 28 25 39 38 45 42 44 46 50 54 57 58
28 23 22 21 17 12 7 5 4 0 9 11 12 15 18 43 44 46 58 63 68 74 76 76 79 83 87 90 81 72 67 64 61 60 59 54 50 45 41 36 35 30 53 52 48 43 41 39 42 32 28 25 19 15 12 7 6 18 6 9 11 32 49 44 41 45 50 53 57 55 55 44 39 41 42 43 47 51 47 46 51 56 38 35 38 40 41 24 29 30 43 39 47 45 46 49 54 56 61 63
32 28 27 25 21 17 13 9 7 9 14 12 16 18 21 23 46 53 57 60 65 70 71 74 79 97 98 105 107 115 69 67 65 63 61 54 49 48 46 41 44 33 57 55 50 45 46 44 43 34 30 27 39 20 15 14 0 1 5 10 28 28 29 36 38 42 46 50 53 50 51 40 38 41 35 39 42 43 45 47 55 58 62 39 40 43 45 27 38 34 44 41 46 46 51 59 56 58 61 62
40 33 31 27 24 25 17 12 16 20 18 20 21 23 23 40 45 49 53 55 69 72 75 79 83 93 96 100 106 113 114 71 67 72 60 59 50 52 48 53 58 35 59 59 54 46 48 46 43 39 27 35 34 29 19 16 11 8 6 12 26 26 28 34 36 41 45 51 49 45 40 44 36 40 33 34 44 48 51 54 57 62 64 68 45 48 48 31 71 50 46 46 53 57 55 63 60 63 66 70
36 34 30 23 21 20 17 14 17 27 23 22 23 27 35 38 42 47 55 56 58 80 79 84 88 90 95 98 103 108 115 117 71 69 65 63 52 51 49 56 59 62 64 62 48 43 51 50 30 29 25 27 31 28 24 21 16 8 5 1 21 24 27 31 36 44 48 45 45 41 38 40 33 38 30 33 49 50 54 57 62 70 68 71 73 52 68 67 66 64 59 57 51 55 69 67 70 73 84 89
35 31 29 28 25 23 19 18 22 29 25 25 28 29 34 35 39 42 44 49 54 84 81 87 91 95 98 101 104 106 110 114 117 120 66 65 60 55 50 65 60 60 52 55 45 41 36 34 33 29 24 25 30 38 25 24 21 15 1 3 22 28 29 32 37 38 38 40 42 37 35 40 28 29 29 32 32 34 55 59 63 77 73 72 80 77 76 66 64 65 58 52 48 52 75 72 75 78 83 86
38 34 31 29 30 25 24 23 23 31 29 26 32 33 38 40 41 44 46 50 58 86 84 88 93 97 101 104 108 111 113 115 116 120 77 68 67 67 61 57 56 55 51 50 45 40 34 32 27 25 22 30 35 36 37 28 30 9 6 6 8 9 13 34 39 41 37 38 37 34 30 30 24 27 27 32 31 36 35 37 44 82 78 66 67 73 71 66 63 61 56 52 47 49 51 75 78 83 85 86
41 37 39 35 32 29 34 27 24 29 28 27 41 37 42 42 42 44 51 55 63 89 85 97 95 100 102 106 111 113 115 120 90 89 74 69 66 64 60 57 58 53 51 46 41 38 33 31 28 26 21 25 33 38 39 40 19 15 11 10 10 10 14 39 39 36 35 33 32 28 25 25 21 22 25 29 30 31 32 36 41 72 67 64 62 71 67 64 59 56 52 50 45 50 51 55 49 45 48 46
45 46 41 37 37 30 36 32 26 31 29 28 29 38 41 43 47 50 53 55 64 91 87 88 98 105 107 120 116 117 100 94 89 86 71 66 62 60 58 53 50 48 43 41 39 34 31 29 24 22 20 24 29 34 35 46 20 18 13 16 17 11 16 18 37 33 32 30 29 26 24 20 17 21 22 25 28 31 36 38 39 70 65 61 59 75 71 69 63 51 48 47 43 37 37 41 44 42 43 45
46 47 44 39 39 35 39 33 34 33 31 31 48 43 45 48 51 54 54 59 66 92 89 92 93 97 110 100 99 98 95 90 85 84 70 67 66 61 63 56 53 50 42 37 35 31 29 24 19 18 16 19 20 39 40 44 19 17 16 18 18 15 21 26 41 38 36 32 33 31 17 10 15 17 22 24 29 32 32 34 35 74 70 62 57 60 55 53 51 47 44 44 39 35 34 38 40 41 45 47
50 51 45 44 42 40 40 45 36 34 36 37 49 44 48 52 52 57 57 64 67 96 91 95 99 98 101 107 104 99 88 84 82 80 77 72 70 63 62 58 61 55 42 40 39 39 34 29 10 8 1 10 18 41 44 29 25 22 18 22 23 19 20 30 44 43 41 24 23 16 12 7 12 16 20 25 27 26 28 29 30 31 59 54 53 57 58 58 46 44 42 38 35 33 31 35 39 44 47 49
54 53 46 45 47 44 41 51 49 45 40 38 54 47 51 54 62 78 79 66 70 72 93 97 101 103 105 109 105 95 91 88 83 85 80 76 74 78 64 62 64 47 46 41 43 44 37 32 16 14 12 13 15 16 21 26 28 24 22 25 33 23 21 51 50 48 18 27 22 21 16 0 8 9 13 21 26 24 27 32 35 38 59 57 52 52 56 52 48 46 44 40 29 26 28 30 35 39 44 45
56 55 49 46 51 48 49 54 50 47 42 41 43 58 53 56 57 77 78 79 71 74 103 101 105 108 111 109 108 95 93 87 86 89 78 76 75 74 71 66 51 48 47 45 52 49 41 37 18 17 17 14 18 19 23 27 30 25 26 29 30 35 43 48 53 16 15 11 8 6 5 2 10 14 16 20 21 23 26 31 36 61 57 54 51 49 50 38 35 45 41 29 25 23 24 27 42 40 40 41
61 60 57 55 53 49 51 57 53 48 46 43 47 52 55 58 67 72 74 77 80 81 107 104 108 113 110 105 102 97 96 92 89 90 80 77 77 75 75 63 59 56 52 49 53 54 41 39 43 19 19 15 19 22 27 28 30 27 27 34 34 36 41 46 28 20 19 12 9 10 7 6 7 15 17 20 22 24 29 31 46 59 55 52 47 44 45 37 33 40 39 31 28 22 24 29 38 37 36 40
66 64 59 58 56 50 58 56 55 52 47 48 51 52 57 59 64 66 70 73 76 78 111 106 109 112 114 109 106 101 100 97 92 91 76 75 72 67 63 62 60 59 54 59 57 60 44 41 25 24 21 19 23 24 31 36 31 29 30 37 36 37 39 28 26 23 22 13 26 21 8 10 13 18 21 24 26 31 38 42 43 47 40 36 40 39 36 35 30 39 34 29 23 19 23 28 41 36 35 37
70 66 61 61 58 54 61 57 58 56 54 49 56 60 60 62 65 69 75 74 77 79 110 107 111 112 120 116 107 104 101 101 88 84 81 80 76 69 68 65 64 63 59 61 60 62 44 42 45 25 26 20 28 29 35 36 35 30 31 38 37 42 44 32 31 28 26 28 25 20 17 12 13 15 16 25 28 32 35 40 41 42 40 35 39 37 35 30 26 30 22 25 21 16 18 23 24 29 32 33
71 67 67 62 59 58 70 66 62 60 59 50 55 59 60 67 69 79 77 81 85 90 107 109 113 119 117 114 113 108 89 90 88 85 83 83 80 73 71 68 72 64 62 66 69 64 45 46 47 49 30 35 36 45 40 38 37 40 35 39 44 46 78 55 50 47 46 44 25 20 18 17 17 20 32 30 31 36 41 85 89 44 39 34 32 32 30 27 22 14 17 13 11 15 14 18 22 25 27 30
77 72 67 63 60 73 70 65 64 63 64 51 56 64 70 68 69 97 79 82 84 85 102 106 105 101 98 96 93 92 87 88 92 87 86 86 83 75 73 72 50 67 75 70 57 66 54 50 51 40 39 40 44 46 43 39 38 43 37 44 83 79 76 77 48 44 43 40 25 21 23 21 57 58 36 35 36 39 41 81 85 89 36 32 29 25 23 20 18 13 12 11 10 12 13 15 17 22 29 32
78 77 68 65 86 81 70 67 66 69 58 55 58 68 73 73 88 95 97 95 88 98 100 103 99 95 99 99 89 86 82 80 81 67 65 64 59 58 46 45 49 52 59 58 53 50 48 51 40 37 34 39 40 41 45 46 49 48 38 83 85 73 72 72 49 44 41 38 41 43 44 52 55 56 60 39 38 43 75 80 83 86 35 33 33 27 27 19 15 10 7 19 5 10 15 17 20 24 29 34
91 90 85 84 82 79 77 72 69 71 58 57 62 67 72 77 87 92 88 91 92 93 95 100 92 90 89 87 85 82 78 75 72 64 61 58 55 53 44 42 46 50 41 33 27 48 45 39 36 35 31 36 39 42 46 51 53 79 83 78 77 73 68 70 44 42 42 37 36 39 41 50 52 53 56 64 69 70 72 77 78 80 84 42 38 34 30 24 7 6 2 1 3 8 10 12 14 16 33 38
99 95 91 89 87 83 78 76 70 65 63 59 64 69 76 80 83 84 86 87 88 107 109 108 96 94 91 90 86 77 75 70 69 71 70 61 52 48 42 38 40 35 36 30 26 44 42 37 34 30 30 32 36 41 42 53 79 77 74 74 72 69 65 70 42 41 39 36 33 37 42 45 51 55 55 62 64 65 67 69 72 86 83 84 31 29 26 23 22 18 16 11 4 6 9 13 17 20 21 39
98 93 91 89 86 82 81 83 85 67 65 60 83 79 78 83 84 88 89 94 99 104 106 107 101 99 95 94 89 75 72 68 65 70 69 52 49 46 40 35 36 34 34 24 21 26 43 41 26 25 27 29 34 35 36 78 75 74 69 68 67 58 62 49 37 36 34 33 29 31 34 39 47 50 53 60 61 59 65 69 72 75 81 48 45 42 37 32 22 21 21 12 7 10 11 12 15 20 43 45
101 94 95 94 89 83 84 85 88 71 70 65 85 83 83 85 93 91 93 96 97 99 103 106 117 123 82 80 77 73 69 68 63 65 64 46 42 41 38 33 33 32 31 21 20 21 25 29 26 23 27 30 37 40 44 77 74 69 68 61 63 57 58 45 44 40 35 31 26 25 29 38 42 48 49 55 59 58 60 64 68 83 79 81 40 38 33 30 28 25 24 13 9 14 12 13 19 36 41 43
106 106 104 97 94 84 85 86 80 75 72 66 89 88 84 89 101 96 98 99 102 100 106 111 114 119 78 77 74 70 68 63 62 61 59 53 51 46 35 32 31 25 27 23 17 16 20 15 23 18 23 28 30 36 41 72 70 66 63 59 58 54 53 48 46 41 13 30 25 21 27 33 39 44 48 51 56 57 58 62 66 75 74 78 39 42 36 34 24 21 20 15 13 14 15 27 32 34 39 42
113 105 100 99 95 85 89 117 78 73 72 67 93 91 88 108 106 101 106 111 103 103 107 114 118 120 81 77 75 75 71 66 58 56 54 50 49 48 28 27 26 23 22 19 15 15 16 13 14 16 19 21 26 31 36 39 68 67 66 60 62 56 57 52 20 15 12 10 22 17 25 30 35 37 38 52 57 58 61 66 67 72 73 78 37 33 31 29 27 22 21 19 21 22 24 26 31 35 42 47
110 107 105 104 99 90 120 116 118 77 77 71 73 93 92 112 109 105 108 109 107 107 108 118 122 88 85 81 79 75 72 70 61 58 56 54 53 52 37 32 29 21 20 17 14 13 11 8 11 13 18 21 28 33 37 75 74 69 67 62 66 60 58 55 20 15 10 8 4 0 20 23 38 43 47 50 61 63 66 71 68 73 76 81 86 36 38 34 31 25 23 21 26 27 28 32 42 44 43 45
119 114 112 101 100 104 119 115 117 105 104 74 78 94 97 98 111 108 109 112 110 114 112 123 87 85 87 83 82 79 74 71 60 58 57 55 54 58 38 29 27 23 19 15 14 8 0 5 10 14 18 20 24 38 41 46 76 71 77 74 71 67 65 60 18 13 11 9 5 20 22 25 39 43 52 53 63 68 76 84 83 78 78 86 90 91 42 38 34 29 28 25 28 33 31 34 37 39 41 45
116 112 110 108 105 112 109 112 114 118 103 96 98 100 102 102 119 114 113 114 91 93 82 82 80 84 82 87 81 77 75 74 67 64 62 60 56 30 29 25 27 15 14 12 10 7 2 3 15 19 21 23 28 39 40 41 46 75 79 75 71 67 66 64 19 18 13 13 9 58 53 49 44 45 60 62 68 70 74 77 86 83 85 90 91 94 47 40 37 33 29 28 32 36 35 37 41 41 43 47
125 122 120 112 114 110 107 109 111 103 98 93 97 99 101 107 121 118 116 87 88 83 80 78 76 83 81 82 86 83 80 79 76 66 64 61 63 32 27 24 22 17 16 10 9 8 3 8 12 13 23 30 33 36 37 40 50 55 99 75 74 74 71 69 25 20 17 17 11 58 55 51 48 52 57 61 63 67 72 82 87 86 88 91 93 97 49 46 42 39 34 29 33 34 36 40 45 44 48 52
120 119 116 114 112 109 105 107 110 91 89 88 93 97 99 98 121 119 86 85 84 84 79 72 71 74 79 67 61 65 82 78 73 72 68 65 61 51 46 45 44 20 19 14 13 9 7 10 13 22 23 25 31 34 37 46 48 50 94 91 89 77 72 73 28 23 18 21 24 60 57 53 49 51 58 59 62 72 77 79 89 88 92 100 102 104 55 50 47 39 36 33 34 38 41 50 50 54 54 56
120 119 111 109 109 104 101 106 107 109 106 86 90 100 92 96 101 124 88 82 81 80 74 69 66 71 74 65 58 63 79 75 75 74 65 64 56 47 46 43 39 38 22 17 22 13 11 14 16 18 19 22 27 29 34 42 46 50 92 87 84 81 76 74 83 82 78 25 66 62 59 55 51 52 63 63 68 76 81 82 94 91 96 97 98 100 50 48 47 42 39 35 39 42 45 48 49 50 51 52
117 114 110 106 104 100 98 98 100 101 104 83 81 85 87 93 96 98 83 79 78 75 67 66 64 66 59 60 56 62 75 73 72 66 63 60 51 50 38 37 35 35 33 23 19 16 15 19 23 26 22 24 28 32 34 37 38 42 94 91 89 85 78 84 82 80 75 70 65 63 61 59 52 56 66 66 69 79 81 85 98 96 101 104 105 90 85 84 75 75 73 39 40 47 52 50 52 61 66 68
122 100 107 104 100 95 93 96 101 104 82 79 78 83 84 89 94 95 97 82 76 71 68 64 63 59 57 56 55 60 72 68 71 60 57 56 52 46 40 35 33 31 31 24 22 19 17 20 25 27 31 27 33 37 39 42 45 47 109 108 103 101 96 91 88 85 74 70 66 66 61 56 53 55 57 62 63 83 84 89 102 99 102 105 57 53 84 79 74 72 71 73 42 50 53 55 57 59 60 65
90 99 104 100 97 94 90 91 92 86 82 80 77 79 80 82 84 66 67 78 77 74 64 63 61 58 61 54 53 55 67 63 56 55 54 53 48 44 41 36 35 30 29 28 27 24 22 23 26 30 34 36 40 41 42 43 48 50 52 112 108 104 101 94 92 89 77 74 67 65 62 59 56 59 62 65 68 51 59 62 68 67 61 57 56 51 54 58 72 70 68 71 74 79 58 59 60 62 64 69
89 95 98 95 94 90 85 90 77 82 79 74 72 76 80 86 68 65 65 71 78 76 66 66 57 55 56 51 49 53 63 61 58 54 51 50 42 48 54 39 36 32 34 31 29 27 26 24 30 34 38 39 45 50 44 47 51 54 59 63 114 111 106 100 89 85 80 76 70 73 63 68 66 61 63 68 50 47 55 59 55 63 60 56 55 47 47 54 58 66 64 69 70 71 64 60 61 70 76 71
86 91 93 96 97 86 84 78 74 78 74 71 67 72 75 79 67 62 60 67 72 66 63 57 55 52 51 51 46 41 60 54 50 54 49 45 40 43 49 44 42 37 39 33 34 31 28 29 31 32 39 44 46 54 58 57 53 57 62 117 116 112 103 98 93 88 81 79 71 72 68 69 68 65 67 53 48 46 54 50 51 63 59 55 51 46 45 49 61 58 61 65 68 69 66 63 65 67 72 73
81 83 85 79 76 82 79 75 72 76 80 61 62 61 56 61 57 58 59 62 65 65 62 59 58 50 46 41 42 40 58 53 47 44 41 41 38 40 42 45 46 40 41 34 36 36 38 33 36 42 40 45 48 51 52 54 58 60 65 68 121 113 108 102 97 92 94 83 74 75 79 73 70 58 62 51 48 45 49 46 47 48 42 53 52 46 44 49 56 57 59 60 64 69 67 65 68 70 73 78
80 80 81 76 73 68 73 72 71 66 66 60 58 60 52 50 53 54 57 65 69 65 64 60 55 45 43 38 41 39 49 48 45 40 39 36 34 36 39 43 48 45 46 37 46 41 37 36 49 46 44 50 49 53 55 58 62 68 67 72 122 119 109 105 101 97 98 84 80 76 62 55 56 54 59 47 45 41 42 45 48 43 39 39 50 45 43 45 52 55 60 65 66 68 72 70 70 75 75 81
77 79 83 80 63 64 70 68 66 65 65 58 56 52 47 49 50 53 68 71 76 61 57 56 51 48 36 35 33 34 31 42 39 34 32 31 33 31 35 37 38 50 51 54 57 64 38 39 52 50 51 54 54 57 60 63 64 127 69 123 119 117 112 108 105 108 100 105 85 59 57 54 51 50 46 45 45 40 37 43 32 42 38 34 33 47 42 46 49 54 58 60 61 72 76 81 72 76 80 82
76 80 68 63 62 59 66 55 45 64 61 56 53 49 46 51 53 58 64 67 64 57 56 54 50 45 36 33 32 31 29 49 44 36 31 27 28 30 35 41 41 45 48 52 54 59 63 65 53 51 55 65 68 70 73 134 129 125 122 120 115 113 111 109 108 110 112 113 116 60 55 53 49 46 44 41 40 37 33 38 29 35 34 29 30 44 40 42 46 48 50 62 67 74 72 74 86 85 83 88
75 74 59 57 57 57 61 51 41 45 63 58 48 46 42 47 54 55 59 56 60 56 51 49 45 42 35 28 27 26 25 43 38 33 30 25 22 28 34 37 40 43 46 50 55 54 58 59 60 56 61 63 64 65 67 132 130 126 127 124 117 116 116 113 109 115 120 115 117 51 58 56 54 40 37 36 35 34 29 30 27 31 29 28 30 35 38 43 45 53 52 61 61 76 71 74 75 86 85 92
70 71 57 56 53 52 56 49 40 44 45 31 43 34 40 42 49 50 50 52 56 54 53 48 43 39 34 31 29 24 20 16 17 32 28 23 21 25 29 33 36 40 45 49 50 51 56 68 63 59 63 66 68 69 69 137 133 130 131 132 122 137 128 125 120 119 121 51 47 50 45 41 59 49 44 38 34 29 27 26 25 26 28 26 30 32 35 42 46 52 54 57 60 64 67 72 78 77 82 95
69 67 60 55 51 50 48 44 39 43 47 26 38 33 37 41 44 47 47 50 55 52 49 48 45 43 36 35 19 18 17 13 13 32 29 21 20 21 30 32 33 38 40 44 46 49 52 72 63 60 65 67 69 83 90 93 135 140 135 136 134 133 130 126 121 124 50 47 44 45 40 37 34 44 39 38 35 35 30 26 21 23 27 24 28 29 36 40 44 48 51 58 57 63 65 70 75 76 78 81
68 64 63 58 49 45 40 39 38 43 46 24 22 30 29 30 39 42 43 46 50 56 54 53 46 42 39 41 27 26 13 12 10 6 5 2 1 5 9 37 40 44 49 49 50 54 56 58 64 62 65 76 79 81 86 90 93 102 136 141 138 136 57 55 52 51 46 44 41 35 34 33 29 49 44 39 26 33 29 24 19 24 24 21 22 25 33 38 43 48 49 54 56 61 63 67 79 80 83 85
63 61 60 59 64 44 41 37 33 29 32 20 18 28 26 26 34 38 38 39 45 49 55 57 50 54 42 42 28 24 19 17 10 7 7 19 18 9 10 13 44 46 49 51 55 57 61 62 72 67 72 75 77 80 83 93 95 97 101 67 64 63 59 58 54 50 46 42 39 33 33 30 28 23 21 19 21 13 11 10 0 6 18 16 22 24 28 32 47 50 53 57 60 62 65 68 69 74 76 80
64 64 61 61 36 32 30 29 28 25 20 21 17 16 21 24 29 33 34 39 43 47 54 57 62 66 47 32 27 24 20 19 21 27 26 24 20 21 13 16 47 51 54 54 58 61 62 64 68 70 74 79 80 84 99 96 99 100 77 73 70 65 64 61 59 40 39 37 34 32 31 28 24 20 18 17 16 11 10 9 7 10 21 1 20 22 24 28 32 37 41 44 61 67 68 70 71 76 78 80
67 61 67 66 39 34 33 25 24 22 17 19 15 15 20 21 24 27 31 34 39 47 50 54 59 60 44 39 36 32 27 24 33 31 28 25 22 24 18 19 23 55 58 56 61 62 65 67 72 72 79 80 82 87 88 98 102 105 85 82 75 69 68 59 56 46 42 38 37 39 35 30 26 24 19 21 17 20 18 14 10 12 26 10 23 25 28 31 36 41 46 47 64 70 73 74 77 79 82 83
63 60 55 56 46 33 29 24 22 18 16 4 12 14 17 22 28 30 34 37 41 44 48 59 64 43 40 39 38 35 29 26 29 35 33 30 26 25 30 31 28 58 61 60 66 85 88 93 97 96 100 82 84 92 97 110 106 111 79 79 66 62 59 58 53 48 45 41 46 37 36 34 27 26 29 24 21 31 17 15 17 14 16 21 26 27 29 35 37 40 42 71 69 73 76 76 80 81 85 90
60 58 54 53 45 40 25 22 18 16 13 0 10 11 15 25 31 32 37 42 46 46 49 50 65 47 43 42 40 35 34 27 31 34 33 32 29 30 33 38 29 68 65 69 70 84 85 88 90 92 96 85 88 95 99 104 107 83 78 76 73 61 56 53 51 50 49 42 45 43 39 32 31 32 30 26 30 28 26 25 22 19 19 23 31 28 32 33 36 38 43 76 74 79 81 82 87 84 86 89
60 55 50 49 44 39 36 24 19 21 18 11 15 16 18 20 22 33 36 44 50 47 48 51 49 48 44 44 42 40 36 29 46 41 38 34 31 32 35 36 30 31 70 73 75 80 84 87 91 93 98 87 89 91 96 97 110 77 76 72 68 65 61 54 53 53 54 47 44 39 38 35 34 37 43 41 36 31 34 30 25 23 20 22 36 30 34 38 43 43 55 58 78 81 85 88 93 91 87 91
61 60 51 50 41 37 32 31 26 25 21 19 17 20 20 22 25 29 34 37 39 52 49 56 53 49 48 45 48 42 37 34 50 43 43 38 33 36 38 42 33 38 78 76 79 85 88 88 91 98 102 90 94 98 98 102 83 80 79 75 69 70 63 69 66 61 56 51 49 48 43 40 36 40 41 36 34 33 34 32 27 24 26 30 35 38 36 39 48 50 53 56 58 82 86 88 90 92 89 95
2 31
4336 4334 4332 4331 4330 4328 4326 4324 4338 4413 4424 3489 508 595 594 804 792 808 4536 4702 4701 4692 4700 4220 360 358 367 1332 3653 2076 2094
4337 4336 4333 4332 4331 4327 4324 4319 4334 4412 4406 3695 3694 3705 4485 4505 2113 4522 4520 4524 4706 4699 4206 4202 4219 357 348 302 2997 3003 3006
2 7
518 3394 629 184 1760 3711 203
4958 75 1347 3839 1846 3729 214
8 4
2850 2860 2861 2863
3471 3476 3287 3292
3454 3469 3285 3288
3455 3284 3281 3285
1998 3281 3273 2788
4034 4054 1538 2770
3780 262 257 2782
3787 276 275 1209
2 73
1872 1869 1866 1863 1861 1851 258 274 277 967 965 958 958 1681 1680 1683 3293 3296 3301 4492 4490 4485 4486 4488 4476 4474 4471 4464 4466 4469 4473 4476 2146 2141 2137 2134 2133 2128 2126 2126 2130 2135 2908 2898 2905 2907 3384 3380 3376 3363 3376 3377 3378 3383 3385 3389 3399 3398 3297 3300 3297 3296 3294 3294 3295 3299 3302 3303 3308 3311 3314 3315 3318
1867 1863 1862 1860 1857 1841 1853 278 968 964 962 957 944 959 1676 1678 3290 3308 3310 4496 4501 4497 4490 4490 4481 4475 4474 4472 4477 4479 4480 4482 2147 2141 2140 2139 2136 2126 2125 2123 2122 2141 2914 2910 2910 3391 3386 3381 3379 3374 3375 3377 3379 3384 3388 3390 3394 3395 3295 3294 3293 3291 3290 3275 3294 3297 3298 3303 3306 3307 3308 3312 3314
30 2
3120 3116
3128 3113
3131 3129
3135 3130
3138 3135
3141 3144
3144 3145
3148 3147
3150 3152
4944 4940
4942 4938
4939 4934
4931 4933
4928 4930
4926 4925
4924 4920
4921 4910
4926 4929
4930 389
388 384
381 380
380 378
378 377
357 374
356 371
357 375
381 379
2323 381
2322 2331
2312 2330
1 3
1527 2842 1755
8 11
1448 1447 1448 4833 4832 4827 4824 4830 1032 1031 1044
1444 1442 1449 4835 4834 4829 4838 3911 3905 1030 1027
1439 1436 1448 1450 3909 3910 3913 3908 3904 1039 1038
1599 1581 4409 4410 3907 3906 3901 3905 3900 1800 1042
4402 4399 4390 4407 4410 3899 3896 3892 3883 1782 1789
4404 4400 4403 4409 4413 3902 3899 3893 3885 1784 1789
4407 4404 4409 4410 4412 3902 3900 4449 4448 4457 120
4410 4406 4411 4412 4416 4420 3904 4449 4446 4439 101
2 41
1837 1183 1192 1197 1096 1095 1077 1079 13 19 4122 4121 4120 4113 4111 4105 4104 4889 4887 4869 4870 23 7 24 1047 1053 2099 2091 2106 2110 2115 2118 2119 858 840 4392 4383 2562 1995 1999 186
3712 1188 1192 1195 1199 1099 1097 25 12 16 17 4122 4118 4113 4109 4091 4101 4103 4890 4878 1962 1948 27 2665 1057 745 732 2110 2114 2119 2121 2123 2128 1578 1573 1584 4397 2948 2928 2932 185
47 2
446 445
446 444
449 3547
3545 3543
3546 3558
3551 3561
1506 1511
1505 1508
1503 1504
1493 1501
1502 1507
1503 1508
1507 1509
1512 877
878 873
874 858
876 862
878 2097
2108 2094
2107 2106
2112 2109
2115 1154
1154 1149
1147 1145
1128 1140
704 1293
718 1296
4672 2223
4657 2220
2876 2233
2886 17
2891 22
2331 25
2322 2327
2330 2198
3497 88
3479 3493
3495 706
684 701
184 186
3762 188
3757 3777
3768 3218
3218 3215
3203 3195
3203 3198
3203 3199
7 12
1078 1089 3431 3420 449 2878 2863 2865 4318 206 203 200
1068 1086 258 3422 454 2697 2694 2703 4315 203 200 196
1074 275 255 2256 2264 2698 2697 4311 4304 4318 184 180
1076 2397 273 2273 2317 2701 4326 4321 4316 4320 187 192
2397 2382 2386 2306 2302 2310 2313 1140 1139 1134 807 808
2401 2400 2401 2316 2311 2312 2314 1133 1125 1129 805 788
2408 2404 2405 2321 2312 2316 2320 1148 1143 1145 807 808
1 13
341 337 332 329 327 324 321 319 307 319 322 324 326
37 1
3654
3640
3642
3643
3645
4751
4740
2724
2743
1329
3553
2797
2221
2213
2215
2219
1271
1260
1278
4892
4875
4458
4464
612
594
614
2568
2563
2560
2540
620
4890
4143
3493
3475
259
279
5 5
24 24 0 5 14
13 7 16 20 16
0 16 30 15 0
8 23 15 22 11
9 25 0 25 12
10 8
1061 1062 1065 1075 1080 1082 1087 1092
1056 1060 1061 1074 1076 1079 1087 1088
1055 1053 1077 1072 1077 1077 1082 1083
1050 1048 1049 1067 1072 1075 1078 1081
1049 1039 1058 1063 3098 3101 3101 3101
1054 1048 419 420 3094 3097 3100 3099
1057 417 415 419 3092 3093 3097 3098
14 26 405 424 3079 3081 487 476
12 7 21 425 3095 482 472 474
15 25 24 27 3099 486 478 479
1 25
2556 2543 267 2012 872 864 3962 915 1778 1781 3749 3748 4451 4458 3903 3902 229 1808 1806 3887 3888 4720 4734 4887 3879
7 9
4570 420 407 3311 3296 3298 3338 3354 3356
4578 423 420 2315 3312 3302 3282 109 111
428 424 2317 2314 4285 4287 3298 1292 1297
2326 2314 2313 2305 4278 4298 1287 1274 1286
2323 2325 2314 2312 4282 4741 4996 1286 1290
2319 2339 1738 2652 5003 4998 4989 5002 1295
3946 1756 1737 2647 2658 2314 2312 2328 2332
5 5
24 24 0 5 14
13 7 16 20 16
0 15 30 15 0
8 23 15 22 11
9 25 0 25 12
16 1
2749
2302
297
4856
1750
4640
4660
1184
1168
2886
4395
626
630
632
633
634
35 9
4779 461 457 453 144 136 137 141 146
4766 4773 454 451 446 139 139 140 386
4771 439 436 440 441 444 142 377 371
438 435 434 435 437 439 443 382 383
438 434 428 434 438 443 4038 4022 4027
440 435 443 436 438 4037 4034 4021 4019
1775 437 445 1634 1639 4033 4029 4015 4016
1771 1772 1637 1625 1628 2191 4031 2185 2186
1766 1756 1761 1636 2194 2190 2188 2179 2186
1769 1774 1779 2985 2978 2981 2186 2184 2186
3822 3830 3823 2980 2975 2980 2984 2187 1815
3818 3814 3819 2988 2973 2979 2983 1809 1812
3819 3822 3821 2993 2992 2997 3000 1808 1814
3820 925 920 1794 1791 1799 1800 1806 1811
4087 924 915 920 1780 1794 1796 1805 1808
4086 4067 920 2191 1783 1795 1800 1801 1806
4088 4073 2192 2190 4878 4897 1805 1802 4130
4093 2193 2192 2187 4872 4892 4894 4131 4129
4152 2196 2194 2183 2200 4895 4897 4125 4127
4149 2197 2195 2195 4144 4139 4123 4122 4123
4147 4144 4142 4141 4140 4135 4134 4117 4119
4150 4149 4145 4143 4144 478 468 4131 4133
297 4152 4149 4148 4441 4438 485 489 494
293 295 4153 4437 4436 4435 4416 4427 4428
288 294 298 3426 3425 4439 4427 4432 4433
286 291 3424 3422 3424 3425 3427 1304 1305
284 289 293 3438 3426 1294 1296 1300 1302
281 285 1286 1284 1290 1292 1295 1298 1300
277 285 1284 1279 1275 1288 1291 1296 1299
293 4919 4917 4933 1288 1293 1295 1301 4729
4920 4918 4914 4929 4934 4737 4734 4733 4728
4915 4914 4909 4928 4931 4934 4733 4729 4725
4919 4874 4862 4876 4879 4884 4729 4728 4724
4876 4872 4868 4872 4874 4734 4730 4728 4710
4882 4877 4870 4877 4875 4876 4733 4731 4714
29 3
3569 3564 3559
3565 3560 3556
3561 3568 3555
3560 3548 3552
3565 3561 410
435 430 425
435 433 428
436 1256 433
1977 1252 1256
1973 1251 1252
1258 1246 1258
2208 1249 1251
2227 385 386
2165 391 2162
2160 2157 2142
2165 4591 2145
4584 4575 4588
2583 2573 2584
3664 3650 4423
4427 4422 4415
2778 2761 4419
4871 2778 4891
4870 4903 4885
4854 1450 4894
4868 2721 2723
2974 2720 2721
2962 2981 2088
2969 2096 2077
3472 3490 2090
1 16
327 336 1016 879 4228 4229 2460 2458 2439 2684 2696 4100 4097 4091 2879 2874
2 1
4600
4581
3 1
1469
1355
4832
1 13
259 273 117 105 4812 4793 1094 1084 4219 2617 2514 1089 4422
2 9
206 177 187 2184 2167 345 1463 970 984
211 192 194 2186 350 335 348 985 986
