100
3
-5 0 0 1 0 0
-7 0 0 1 0 0
-6 3 0 1 0 0
3
3 0 -4 0 0 3
-3 -2 -1 3 0 0
-3 -1 2 0 3 0
4
1 2 3 1 2 3
3 2 1 3 2 1
1 0 0 0 0 -1
0 10 0 0 -10 -1
11
462 4328 -3352 -291 -3594 -1361
3007 -1130 4816 3599 4610 2510
-938 1907 -2950 -4640 867 1644
3198 1929 -1176 -2489 -1801 -2744
-3711 -2966 2337 1632 2332 1289
-3556 -4802 -115 -3261 -1794 -3922
3551 -1040 -3632 1548 1121 -2357
3709 4380 1477 2074 865 805
-4534 -2044 -679 -1418 -4329 1651
-988 -362 3474 3216 1693 2455
13 14 15 0 0 0
30
3861 -3512 2219 2176 -2544 -4372
-2897 -1794 -1610 -3682 3902 3662
-1991 3165 4209 -769 3910 1466
356 4197 -2616 2457 -1773 -80
-2763 -1831 -107 2798 432 -1275
-1095 -3090 2851 -3567 2861 -965
996 4074 -271 1176 -1887 2565
2810 -3119 4756 1571 2046 4039
4865 -2248 2539 219 -1342 4429
-1740 -3762 -1633 1372 -527 -2339
1087 -3636 194 -83 1342 4167
3092 -4117 3994 2753 -3760 800
1282 -2528 928 -4433 2389 2880
-4069 592 616 -4177 3537 -4598
4442 -3115 -4449 -2607 -243 -1961
4002 4853 2782 -3832 -4522 3402
1538 -3584 -2525 553 1909 -766
878 1814 3345 -2781 -114 4754
-925 1193 392 -3174 269 159
4204 -3421 1537 4367 -1874 1730
3883 -4528 4190 -2138 -1424 -3241
3426 2683 3735 426 -2826 -1995
724 1523 -2925 2586 -1461 -725
634 -4674 -4423 1454 2447 -3283
-725 -2863 2087 644 4589 -424
228 -2400 1458 284 -3777 -2479
3553 -4982 -3457 1979 1113 -1131
4804 485 -2754 1534 -2245 -1595
-119 3037 -2042 4174 589 -26
1659 -4412 4980 -1280 -1016 -2798
29
3846 -1582 -3343 -2285 80 240
2491 -2210 -3474 -609 1025 2028
293 -869 -3106 864 -1154 3121
-2260 2738 243 -3279 -1691 3269
-3088 2314 -859 -3479 -2013 -3818
1753 -1978 3633 1347 2120 2437
-1177 3107 2736 -700 -3249 4618
2828 232 -2618 -3883 2609 -3806
-2192 2067 680 3274 3437 -3976
208 -1901 1103 -1094 -610 3829
563 -684 -3704 1330 -3822 -2598
-3796 1463 -487 -974 1556 676
3340 -3312 521 2523 3220 -2017
3597 2230 2421 -2646 1129 -2458
-690 -2163 1150 -848 2673 -194
2970 3316 1858 4503 -3526 -324
1129 1372 2010 3241 -1304 -1603
-2808 -3421 1741 4370 -3964 -1913
-185 3294 1146 -4428 1590 2432
4813 -4316 592 50 -1140 -2966
1568 1892 -3609 -3040 -3327 1388
-2311 4631 -3952 -3094 3671 -1223
-2127 -4036 4748 3094 2891 3125
3545 -3084 4561 440 -3811 3801
-3674 3370 -3374 2903 1137 -3386
232 3038 3202 -4174 2624 -3579
-1329 -4292 -1070 1256 3798 -4022
-2182 -888 -4734 1423 -3475 4758
-1193 -2439 -2519 3915 -474 2161
26
-19 -722 2630 1942 -379 1240
3904 1500 -1708 2802 974 3230
-677 2159 3979 2830 797 -4132
3804 -807 -3012 -2578 -1004 -199
2186 1339 -129 2749 2061 -3201
-1136 -2928 -2755 -3355 -3062 -3935
2545 -2914 959 -1905 -425 -1306
-1466 -3204 -1549 4051 1746 1895
-1440 2243 2017 -2980 -1061 2194
3824 1131 642 2676 -3056 -4323
-936 836 -2471 -1696 -4494 4278
3584 -1700 88 -2956 -133 2883
-4235 2247 972 -253 2779 -2729
1453 -2590 297 -2565 1810 -3123
2276 1014 3482 -3077 3164 -1623
-3326 3282 -2501 4024 3149 4811
-3258 -552 949 1809 -861 3725
1956 448 3612 1898 -3565 4027
-4770 2629 3027 -763 1841 3230
4366 0 898 -4824 -3204 -2337
2918 856 -4900 3979 1908 3150
-2249 -2019 1754 1378 -1327 3016
-1807 -3150 -3080 -292 -1678 -4787
-4716 1250 -954 616 91 -3312
-3729 -1782 -3120 -3889 2626 1524
-2382 116 -2674 379 1303 -4196
33
4001 344 1971 2904 3210 904
1826 1258 579 -2040 -2890 2887
-1316 1216 -2903 2400 -3771 -93
-2084 890 -984 -1598 2751 991
1196 -4435 -4147 678 -341 1723
79 -14 3158 -2638 34 740
1908 2753 -542 -1534 2263 1773
-4072 -1197 3703 4005 3670 3096
-27 -995 701 318 -2077 -4260
-3952 113 3343 1888 3546 -1756
874 2899 784 -200 -183 -1540
-38 -3061 -2128 4007 -2054 4600
-1481 -3048 4570 -1595 -1572 -794
-3899 -2319 -3837 -2902 -1021 -4252
-4804 1950 2714 4207 1885 -1259
1260 3044 3336 148 1789 -3308
4565 -838 3588 2440 -1227 -3118
2750 -4199 -322 -1810 -3628 -2040
1670 2768 -4226 855 -463 -2618
498 3770 -4330 1575 -211 4919
2214 1797 -498 -1131 -3957 -4940
4379 -4242 1235 778 -1820 -2521
-2308 840 -3592 371 136 -1235
-4382 -4552 1793 -917 1991 3107
-1123 3104 -4293 -2902 -1110 -3648
3266 -4406 -4989 -4162 4640 4852
-1975 -3570 151 -951 -2283 -3187
1118 2301 -158 274 -4361 973
3611 4610 4585 248 -107 2614
2970 -840 -1138 -296 2607 4576
-3394 -2034 1158 1409 1972 2577
-3867 3189 -3094 381 -536 -1493
-2438 -2805 -2113 -4210 3118 1730
32
814 -1353 -747 -2570 4204 231
1322 -2561 844 -3408 -2319 -903
-4237 -3594 4727 -690 2670 -1852
-4871 1700 4306 3353 1643 -3624
-3103 -2079 -1744 -1345 -1515 3966
713 4282 2099 -2578 1596 -1400
933 2720 783 -4331 342 -3613
-1394 3121 -2528 4262 3292 -3802
-1450 -469 3880 -997 2047 4949
816 -1567 -554 149 -2370 -1504
2976 -3036 903 3871 1944 1614
1323 2317 -1844 -4272 733 1137
-1529 -3187 750 1123 3789 1854
-686 -1269 1856 -257 2864 -720
-944 4322 1425 -794 183 -4273
-4314 2780 -1528 54 1456 1130
1654 -1565 253 1774 -3818 -1032
4196 836 3412 1715 -2379 278
3389 -4892 3640 2708 -4261 3112
3376 -4374 -413 3054 1427 -2778
-3774 4138 -4759 472 -3040 3039
-3042 3503 -216 2326 2358 -2906
-4181 -1954 -3477 594 -2585 -1704
3825 -4313 -3315 603 96 2804
3425 2207 4084 -4032 150 2183
-3966 -2527 -3585 -2552 -99 2420
-1872 -4951 -3106 2404 -1923 2814
4261 1983 -2449 -640 -3307 2356
-4223 4681 -1035 -4851 -4909 -2563
2859 3403 886 3519 -991 3002
271 4105 1469 -3646 938 -4840
3791 1810 -1787 4982 1784 625
24
-1772 -4674 2551 -4269 3815 -1162
2425 -321 -4942 -4161 -1109 -658
-978 3913 -1078 -376 4068 -781
-2507 3179 3754 -2853 409 48
-2801 -948 257 1136 -4679 1457
397 514 712 -1695 -1443 2018
1151 4843 -663 -3297 2175 -1241
4684 -4228 150 1605 2827 -3714
-2368 -1641 2157 298 -234 -1607
3277 -2383 -691 4082 -715 118
1584 1438 -1812 2364 -506 -1958
4889 -4095 -4734 -2977 -659 2839
1301 -1620 -339 3466 3760 -1135
-3186 -4515 2551 2548 1890 4273
180 4845 -1765 -4729 -315 -1311
712 2066 -1246 2309 -2798 1531
142 -2148 4126 -656 -3874 1893
-3587 -1194 -544 -1613 4007 -1416
828 3983 -1337 -3209 -2776 886
4694 -2965 -348 3034 -747 -344
-3865 3282 3065 3270 -1683 -433
-2025 2053 18 4742 -3941 -2500
-1469 -776 -2559 -915 3206 -1493
1614 -3466 1856 1896 -678 4690
77
2799 -3693 256 -1575 1859 -3309
2881 -2783 724 -906 -2477 3598
1388 -3033 -2474 1226 4555 727
-36 -608 1053 4532 -1220 -2106
-426 1462 1559 3741 -3296 -387
1904 -2769 -1673 -4668 -3164 4762
-3545 -3339 -3034 192 -1203 3883
-4545 738 -1430 2669 3776 -1714
-1220 3557 1466 422 3380 767
2868 3573 -2162 1977 3140 -2258
2354 706 224 1225 -1672 4910
665 -3674 4057 -1245 575 628
-2888 530 -2026 -2517 3185 -2783
-3904 3309 -604 3442 -340 1713
-3291 -3962 -12 -2637 4208 348
-1212 -2849 -3766 4295 -3566 2481
1143 -4554 -2108 2418 -3725 2085
920 919 4017 90 -4715 751
3572 -3242 1693 -1091 1994 -1323
-3445 744 3953 2273 3977 1945
-2476 -252 872 -4175 -770 241
-476 128 686 3045 2937 -3094
-1618 2483 -1584 -1955 4244 -3451
429 3900 4703 3905 -2814 1013
1253 1384 -2806 1071 2664 3164
2777 -4198 765 -2583 385 -4446
1018 3575 4877 -3687 3952 1059
1046 -3790 -1257 1420 4147 1707
3210 -4519 1950 -4014 -2518 -644
-1988 3878 3410 -1827 -3952 846
568 -1433 -3353 -619 -3923 1590
4971 2205 480 98 -2220 -1279
-2073 -123 -2245 -2686 -4356 -2137
1345 605 3795 -3550 -3777 -3745
2523 471 1347 1244 1026 -1650
3628 1806 -3898 31 -2500 376
2737 1166 1868 -3439 -1131 2093
-3426 2307 -3301 -3787 2926 -1126
-1894 3432 1036 -4498 -1884 -3038
-3996 -3649 399 4514 59 3670
1225 -291 -4504 -1249 -560 4399
2323 1709 -3313 3494 591 688
1628 -1771 -3000 -1929 1798 2869
1669 -655 1351 -1011 4909 2114
-4809 -781 -1895 386 -1096 -2565
1780 -4844 -3109 -538 -4337 1932
164 1512 245 1601 -2741 -180
-978 2352 -1279 -2427 4706 -4808
1153 -269 2107 -2044 -3270 3614
-1470 -3022 2758 4511 -3297 1085
-2144 75 4821 1293 -718 -4122
-1950 4496 1964 -1632 -1146 -4240
4184 -4773 2404 2940 -1490 -991
-1965 835 619 2868 -3165 3658
-3743 3979 -859 -2267 -1483 -1069
-2950 3605 3532 -1559 -2101 -549
3812 -3285 -1479 466 4501 786
-3466 -1407 290 73 4084 -862
2972 3475 -2782 2722 -43 -2857
2633 2591 4556 -1859 -1714 -912
1886 -1048 -3622 2964 -1502 -4874
-39 2487 -3062 524 1707 1532
-2701 -1229 -3829 4322 3937 -3205
-3534 4301 -86 918 -2869 1044
-3833 1984 996 4069 -2139 621
1926 -3242 -2183 4051 4766 -3289
639 4678 1970 -675 2512 -3136
430 1736 1112 748 3310 4932
-3063 -2759 -1000 80 4579 1974
277 -2599 3474 -1069 -248 1554
2249 4774 1041 1261 511 3863
-335 3919 4217 -454 -1047 -3266
1216 282 -2016 -2005 3779 2316
1285 -4563 -3123 -2095 -2239 1909
-3387 -65 -311 -4449 1661 -4240
-957 -2831 342 -2898 -3474 -3188
4333 236 -3804 -1502 -4438 1596
80
-1755 4517 2293 2730 -4243 363
4135 -1135 1029 -4250 -2934 -3176
-3412 3344 17 -4202 -1541 -2585
4859 -435 1789 4342 3420 -2155
-2030 -2941 -362 3399 -4713 -2062
2627 -474 664 -3484 -3223 1211
3704 -85 1152 1382 4244 -1927
1885 1967 -1244 -1478 -3703 3879
3406 1101 -4457 3196 -1328 1482
2619 995 313 -4097 140 -69
4327 2459 -3992 4299 1869 -162
-366 2099 990 4171 -3409 -3150
-3202 -4205 -23 1864 -479 2245
1160 -2958 2286 -1682 2901 -927
3723 2555 -3163 650 1493 1209
4678 800 4090 564 -2647 -927
-2148 2000 4633 1525 -3925 -3852
-703 3353 -2329 -4301 942 635
-4791 3754 2073 129 1593 -496
-1385 -1891 4155 121 2414 3466
-407 4194 998 3350 -4080 -2657
-3039 -4826 1008 -3729 -1823 -3935
2794 -2553 -3699 -3955 -2356 -4490
-4173 -23 2056 -633 4822 -563
-396 1380 1109 -1853 1841 409
-3663 -3678 969 4910 1126 3440
2228 -714 -629 -287 -2129 -2125
28 -1766 -974 2831 502 512
-2814 -3451 4235 1208 -3362 3816
1721 -1388 -3219 1217 -1331 156
282 1630 -968 -1972 1897 2193
2556 2756 668 -3493 -1934 3702
2752 2172 4263 1346 1122 2179
-2286 3613 -2881 -659 1652 -3268
1894 3984 4315 4156 -2542 3408
3717 1702 -4294 445 4595 -1665
576 3524 -306 -437 -2184 -4685
-2770 -849 4829 4499 -3072 4052
-1524 -3367 1276 622 4087 -458
-4522 3307 -233 4346 1332 -439
-3541 4878 818 2190 3022 3597
-1440 -2211 1558 -578 -728 3850
4811 -4148 4662 4916 3793 1885
-506 -4078 -2165 -3025 2667 3344
70 -1566 1811 -4016 1986 3304
-3936 -2007 713 -1056 1091 -3100
3918 4125 -3931 1703 2105 -3204
271 -4998 739 2932 -2458 -3833
-4093 1197 -3645 -1922 573 -3165
1003 -3899 1591 1072 2051 -2279
-1898 -4039 -4629 3781 1222 -1116
-3156 2395 173 1361 2969 -4755
-1813 -1687 1445 -3923 -928 -4215
-2948 -3520 2499 -3632 -3585 4291
1508 3096 -780 901 4769 4423
3376 3747 519 -1657 1425 -3125
-698 -4886 1191 4008 -1461 -147
-2388 2196 -2447 -4275 3718 190
2376 307 -2141 -1184 436 1459
-601 -3427 510 -287 4274 2433
-528 -282 600 -4997 -4086 -1436
2549 -2664 -505 3513 3097 3040
1460 2721 -4568 989 -4733 -2256
407 1542 -874 -645 2615 858
-737 -1200 -1380 -3545 -2103 1858
3412 3234 -2524 336 -3379 2941
-4817 -506 308 -2099 -121 782
11 827 13 -4197 208 563
1028 -3501 -1653 3314 -1026 4899
-4260 -2410 26 3557 -1912 1839
767 -2075 -490 -4781 -623 1475
4098 1475 -3618 3378 -469 -4000
1176 1820 831 -3695 3253 618
-1725 2582 2974 -382 -2246 -4462
2678 -1492 -1642 159 -578 1186
1642 -612 -1115 -4592 4533 -4817
-1836 598 -2853 4150 -328 -3749
-3735 3610 2580 -3888 -684 758
2361 -3425 918 468 -3190 4477
-4551 -2184 -3956 -4529 -4951 -498
33
3155 -445 4065 -2293 -414 -1645
-4321 1519 3040 1557 -1099 -2974
3972 4023 810 -2332 1745 -1972
-1390 -3476 -3430 -3947 1587 -1559
-4072 3971 1189 4944 -4793 -1748
-4576 2013 1321 2517 2531 850
956 289 938 -2137 2745 2192
-1154 -934 -3062 4747 2524 -860
-4766 1759 3766 1164 -2237 4235
-910 -4970 -3823 -1302 1851 461
525 986 -4045 113 -1900 4894
-2455 2328 -2769 -947 546 3838
3419 2440 477 645 -132 -4440
-1989 -4473 1301 193 -4904 -1396
2168 -2622 -4503 759 -4754 -1263
-371 3723 4881 -4681 3945 -1165
1644 531 2722 506 -1414 2761
-533 548 2719 3950 -166 34
3053 -1129 -16 -3316 415 -4653
235 -1885 905 1001 2719 -643
2536 -2249 -1963 -1466 751 3105
-992 -242 4549 -1372 3779 -1492
485 -2085 -1238 -4290 -1606 1676
1857 1582 -337 -708 4423 720
1620 3212 -108 2773 -4994 -4046
-1273 -138 1455 -4673 645 3523
3080 -3981 1683 -1359 -3435 253
2778 -93 -3299 -38 1642 2283
-1562 3022 -3355 1393 -4116 797
-940 -2007 1848 2719 4520 -1439
-2594 259 -2555 3086 59 1553
436 -921 -1826 4496 2155 -4082
1979 -555 -1340 1445 361 -287
34
2430 -2471 1955 1100 4143 -2227
-2774 -203 1644 -573 -4166 3491
3506 2105 -2563 -1509 2331 -4082
-3574 -616 -3200 4158 -3439 -222
740 -4490 -3704 2990 66 4296
1532 -3198 -4162 -289 1782 -3834
-4079 -2767 253 3946 3067 1271
1730 2243 1704 -608 -1110 2756
-1811 1949 2587 -1052 4791 3206
662 -2362 2864 -2362 968 -3853
-4111 2729 -1497 2648 1791 2808
-3533 4666 3474 -2743 2333 -3498
256 -765 3997 -2464 -2436 1497
-140 2050 -1695 -1449 2239 -4711
-1509 -2350 -176 -631 1638 -1666
-4526 4886 3732 -1384 1462 -4633
4715 -3286 -1049 -1589 -4732 -4173
1912 211 4097 -1984 2476 4913
3566 4610 -120 -3363 -4737 2721
2615 -4012 -2822 4140 -2444 1389
-2232 -542 1159 3243 1738 2657
4469 3990 -4268 -510 -761 -2763
-765 -902 -135 -3310 2106 991
1628 -2381 465 4268 621 -1668
-2963 -1795 -621 -3909 208 4139
3806 2924 -2325 -103 -4596 -514
803 3347 958 -3965 -2803 3092
-2173 -1749 2139 -1864 3334 -1275
2750 -1429 -688 3751 -2743 4667
-1744 610 349 664 -2527 1827
2221 1226 -1523 3414 4832 295
-747 -816 500 2042 1934 998
1819 3295 768 -3143 -3143 1426
-4479 -4707 -2097 4355 -4693 -3501
30
-2160 -611 -2810 -4555 1309 -3379
4244 -2242 3096 2601 -2326 -1002
2892 -334 1849 -4646 -1304 3499
-2213 -1165 -1455 4208 -580 4281
316 -3881 -3650 86 1675 1957
-4908 -831 -3182 3397 3913 -1669
-1598 3916 5 520 -2990 110
-1388 2865 -3172 4124 1581 -3500
-1316 2542 1552 -1699 -1200 -4345
2665 -1421 -4557 -2065 -4755 4643
-4699 -804 -1019 923 1294 1610
377 997 4023 -1604 -187 -2406
-1263 -3468 3203 1002 -1822 1831
-938 -4826 -596 -3934 -1335 -4853
-3731 -2338 1352 2564 547 3196
4264 1218 2265 -4928 -509 -4218
1349 -1998 -1952 4347 -2672 1247
4531 1488 1609 -4326 2690 1946
182 -1791 713 3852 -695 756
-1320 1931 -1527 -3238 256 -3194
-2173 4672 -4079 -381 1808 -62
3775 4407 1757 -4100 -3993 -2680
2374 -4361 4406 -2594 1553 -1136
3385 789 4262 1709 685 2676
-101 4071 2222 2230 245 3834
2103 1590 -2723 -235 695 1425
-3693 2321 1058 4092 -1661 676
4458 -3283 -2734 -4708 3421 134
-4422 4256 3527 1654 -545 3306
-992 -3709 -3443 4143 1761 -4636
30
-4942 1159 3505 -2348 -4097 2140
-387 -2543 879 2071 -3682 1567
452 -136 4995 -341 -2891 -3455
4769 2344 -1921 1426 -2916 146
-2365 2816 4797 -4324 1430 1555
-2435 2942 2937 1935 -1863 2746
-242 -4048 -1982 -513 1513 -4280
-3290 2053 2300 -4483 -4441 -2137
3937 3213 1521 930 -837 -1357
-689 -125 -2352 1485 -2128 -936
-3092 -786 -4128 -3948 -1221 3161
-2631 -774 1124 2487 -4750 -1969
3196 2946 -1660 3277 3336 4403
1843 -1635 -656 -1019 3603 2758
587 2333 -3255 -1357 3657 1382
3009 -4216 -288 650 4190 -2466
-2681 367 1090 4831 1209 2287
-4330 -2862 -4906 -252 4533 4232
2034 -2861 -2800 4161 2845 3286
2742 -4581 3984 1989 1849 -378
-1211 -2349 9 2073 -1281 3818
499 4258 -377 3300 -3482 -3298
-1138 3515 185 742 1326 -975
839 509 3927 -4323 -4035 -3303
2565 -1602 213 -4291 -2755 -2887
-128 3247 -4615 -2915 -2769 303
1838 1233 -2790 314 819 -488
-1378 1062 -110 -2953 -922 418
1381 -2571 4704 2787 4955 -2600
1248 -2908 -4330 -721 3411 -1275
73
-2148 4668 3433 -2445 279 1790
355 709 1953 3932 2031 -4148
-3307 3718 -3335 -3306 116 -762
4707 4830 -3243 -1808 4857 3473
-3652 662 4037 968 4293 -781
4800 2599 583 -1394 -4578 3080
1342 134 -554 -4976 -434 178
-4529 2612 -3368 1440 -1654 520
-4957 3615 1797 3694 4730 -4739
-2244 64 1178 781 1527 -2627
3066 -804 -4855 -4507 3055 4807
-4244 285 4988 -3643 -4564 411
4184 -1497 -2932 -604 2399 -19
1951 -889 1921 2469 3089 -1195
2077 3926 -868 -3190 -4589 -3309
-2416 -2027 4323 4649 -456 -4004
3127 -2109 -1095 2604 1740 -3879
-101 -672 3847 1704 934 3327
96 1782 -4630 1887 -3774 1291
3872 -3796 4519 2558 -2182 24
-3288 535 -1788 -1196 1326 4058
-2488 4218 -3038 2245 -2115 -1097
2060 -453 138 4486 2215 -1056
-2094 -4709 -3481 -436 1268 -232
3309 -2765 1877 766 -1045 1627
3948 -2889 -2820 469 -3293 -3374
-666 275 3676 2205 -4763 2515
-2533 -522 4661 2152 -1427 -3982
3562 584 -184 4013 1462 -498
97 1763 3483 2345 -4747 3166
-4266 4880 2400 487 4287 -3548
-124 2058 -3362 4807 -3434 1940
4954 2332 -210 2283 -3548 3105
4678 -2589 3254 -2787 3489 -2150
3158 -1130 -4142 -4534 -144 3878
421 3240 3581 620 -286 1851
1716 1700 -270 288 2785 -2320
1311 -1939 -3519 -646 -2770 -3608
-2899 -673 -3994 2031 -4122 -2805
-1943 -2785 -3701 1324 888 -734
-1182 -4846 2292 -2328 -4463 481
-2030 3336 2038 -2219 4194 -328
-2882 1846 2197 3784 4614 -255
1407 -3020 -4929 573 -2804 4895
-4835 -1373 226 -2658 -331 2296
3936 -4120 1265 -4169 2709 -3125
-1734 2138 -2135 -2264 4884 -2935
4727 -1705 -1964 2455 -24 -1879
-4557 -2452 -2333 1478 4756 -1987
156 1272 3757 -274 2382 3022
-1030 666 -1847 -4142 -3492 -2177
-1103 259 4603 -287 -2890 2556
4821 -1976 -1958 -2958 1564 -1859
3030 3707 -2876 4535 -2685 4765
4117 1192 -3210 -1852 3640 -3031
966 -703 -1579 4827 -1928 4030
-3792 1983 4206 262 2440 4207
-786 -4809 -1251 203 -3661 1593
-2102 -233 -1452 75 109 3634
-3273 -2373 1500 -630 -1386 -2791
3383 -1707 -3056 3637 2252 -4120
-2538 293 -779 -78 2612 -2605
-3925 -2798 664 3886 -4354 -681
2058 3515 818 -558 -4045 3087
153 -630 -896 -3574 729 1568
1885 1147 2955 2404 4833 -2252
-2084 4991 4178 -3882 -2398 -855
376 -1417 -1816 -3954 634 2540
-1604 -3221 -3562 -3411 2772 251
-2679 58 -3073 -2769 785 -1307
1547 -2836 3859 -1232 -2101 -1642
-1401 -802 1363 -3595 1019 3963
-1857 -4173 3025 -2438 -3256 620
19
1706 -4083 -4275 2139 -2585 -3184
-2009 3099 3236 2307 3617 -1426
-1885 3389 -4549 -3346 -336 -3605
1755 -2573 532 1452 349 -943
-2798 -4847 -917 3517 2284 30
-1570 3727 3451 -158 -2495 121
1152 2082 780 -1341 -3886 3877
1128 -798 3214 -1316 1766 -3516
2398 -2046 1526 -627 -1057 4350
2598 -4929 -3066 -2490 -4997 1521
-1145 -3494 -2180 -2993 2867 2483
-3795 641 -3666 2525 895 -2097
-1807 3188 1383 2532 1035 3962
319 -704 453 2881 -1671 560
2971 1624 -1878 2448 476 -4361
2476 2435 -1543 -4214 -1440 -2779
-3259 850 3326 3205 -3314 3003
-1704 -1729 2361 -3117 3523 3154
3564 4321 1801 -4069 3898 -1073
12
4482 341 2142 358 -1171 770
1067 -1996 -1108 -385 3233 1909
-1990 3292 1835 -1659 300 -2532
-1249 -3609 -1070 -985 905 2034
-1166 -384 1450 4752 -420 2385
-14 1864 4663 -1678 2762 148
-702 2627 -3664 2748 -3978 -2810
4890 -2117 -1255 447 916 -2467
-3087 3081 -416 1049 -4176 1733
-2264 -3377 -4666 1014 -4740 -1461
-2236 -3191 2926 -3778 2889 1579
2979 4044 -1722 -3587 2100 836
27
2418 -2203 -612 -372 2823 4525
1407 -1352 -596 8 4249 982
-843 -4331 -4633 2367 1912 -4110
2394 3218 -215 4439 2091 -619
-1706 -3838 3950 1539 38 2899
734 1919 2325 2400 -4981 -305
-1995 2898 423 -4841 3865 3976
458 72 4875 2184 4056 -3502
174 2156 -353 620 -3410 3663
-3268 1478 -2962 1067 840 -3358
-4590 -3169 -3685 -3546 -465 434
-3190 -1838 -1953 2433 -4357 -542
-749 3936 -1753 -993 3890 1834
1386 2376 -2903 4612 -4973 -4502
2424 2528 4293 -783 -30 2862
-1921 1580 -61 -3762 568 -535
721 3718 -1399 -275 2739 3242
2385 4508 -56 -1956 -3929 347
-1649 -4674 1160 -3525 -4580 1730
1828 2593 -3295 -4129 212 3956
2402 854 1521 -3675 -2480 -4988
28 -4562 1946 4443 1835 1803
4581 -2817 -1328 2183 -870 -2474
1508 -2501 -3752 -1568 -4162 -4891
-2900 -3862 937 1943 3688 -2979
2183 -1522 4944 -927 -679 -298
-2609 3159 4559 -2929 1498 -1751
20
-4894 808 -1801 155 623 325
4751 180 2878 -2753 2908 818
-4478 -49 2561 -806 2010 34
2410 -2033 -3990 -2919 -3372 1870
-3294 -981 4090 3775 -1627 2126
3028 3778 -4782 2674 -2619 -738
-1783 -1790 2821 -2975 4841 -3955
4626 1320 -3531 4363 150 -619
4429 -4848 -2486 -101 -1139 2989
-1720 4471 2501 -3115 563 -281
1721 2573 4495 -2952 -1328 -2634
-3264 3217 -1812 2277 -188 458
-822 -1012 -220 -394 -2828 300
1352 -4931 102 -3 2983 3796
3739 -1027 109 -895 -2630 -3652
-2482 4256 262 -2671 1068 -4411
1726 369 1988 -166 2369 4271
-3659 -4130 -1080 2607 1083 902
2768 -2350 1055 2765 -2533 -2861
-4043 2089 -2976 801 -64 710
45
-651 -2188 741 -1623 2028 3752
2119 -2538 -538 -977 85 -789
3316 2911 -375 2414 -2475 507
4176 -1692 -1603 -4965 -4447 -298
2403 -1486 972 1869 -1439 -2235
4851 -2508 1487 947 -2674 -4850
3596 -819 3405 -2711 2247 -3458
-2730 32 -507 -4763 -3677 -854
-2127 -4592 -2616 3317 -4713 4772
-2714 -1291 1508 1439 4702 1026
-317 4817 3743 -1031 -269 -3560
-2934 -257 -4928 932 -2351 -144
2010 1233 3953 1229 -1259 1482
1649 -607 323 4229 1350 3459
2645 175 -415 -2276 -2443 -4121
498 -2470 -4959 -3717 350 -4786
-2553 -4535 2671 1186 -3157 -1156
-3952 3048 3073 -109 1465 60
-3541 2725 -720 -2244 -3974 2116
-1156 408 2022 -740 2779 4045
-774 -321 -3352 2381 -3978 2712
2497 -815 -3145 -1786 1827 -3526
1697 -1689 -2876 -2242 -4551 3108
-1509 2121 1641 -602 -416 -2342
-2347 1443 -3607 2793 4254 4012
-1772 -4919 367 4781 -1851 -4871
-4535 -2530 223 -3712 -177 3778
2402 4525 1738 910 1756 720
469 3901 2323 3618 585 -4270
-4910 -3561 2244 1283 3010 2861
-3005 4722 2366 -4553 -2501 -4638
2813 3513 -754 229 4934 -213
-4365 -2989 -4957 1375 2761 3306
1017 418 2521 -546 -1562 68
-562 -2823 -2571 1801 1545 679
668 -625 -867 -107 -3476 -1816
-2360 2953 -3348 2598 4012 -4205
4870 3694 -1025 2414 2568 3668
-1378 -3456 2120 2329 3573 -39
4212 2713 -2323 -4133 2544 -4648
3382 -1184 1964 1536 2958 -114
2125 -1946 -2257 797 -2354 4275
-2413 718 3949 1395 229 509
-3719 3934 -3610 -1445 -588 3179
3434 -308 3089 -3590 3056 3227
13
-2479 1158 -1642 4509 -3991 -2757
-4308 4219 -1662 -3413 -268 291
1044 -55 -2098 -2940 1307 -1738
-3861 -1122 -3810 3429 1993 -1022
-4284 -4289 4699 -4471 1765 2332
4662 -2857 -2692 -3752 3546 -3300
4713 -2803 2170 4789 1582 3789
-356 -3841 1236 1798 -634 -1496
-1729 436 -1620 1804 -1275 -3665
2090 3673 -1714 -3319 -37 -2018
1085 405 3273 -4819 -3751 4643
2857 2851 2946 3481 2202 3582
846 2771 -52 2504 -3219 2739
29
-4361 3701 4270 -2815 6 3991
-1784 -2200 3320 1375 1311 700
-1597 3511 -4230 -2455 4638 2365
-161 -1046 -3474 2365 -2864 3107
-1700 4782 -2872 474 -2265 -807
-2728 -3384 -4343 -3822 -1858 -597
-1797 944 -1610 3031 -3509 62
-1999 -2226 -2328 -4215 -1126 1712
4665 -2894 -368 -3884 345 1338
1066 -748 2358 1551 1290 -1922
-699 2607 -4727 1272 4255 2217
-1314 -1089 -4895 -297 -913 -1488
2918 2134 1836 3684 1369 -4359
519 -3376 4116 -1226 4731 -669
4586 3805 2586 -2716 -641 -4911
-3688 27 3897 3758 2289 2754
-1090 -4530 4668 -1889 -508 953
80 -4570 1708 -235 -3505 -4282
-392 -2467 -911 -1453 -4494 -494
-4455 3360 -2933 1212 -967 1463
4700 -2554 -4504 2140 1286 -1453
2702 -1668 -1272 -3145 848 3510
-4962 2030 -1552 -1074 861 -554
3072 523 1030 -1792 -901 2202
931 2730 4402 2481 -964 2986
-1819 682 -1412 1155 4130 -2329
3930 287 4946 3580 -1106 -3450
2218 -3458 3338 -1393 1049 -3932
2607 4063 -1004 4540 -2403 1872
32
-1510 -4010 -516 -784 3088 -2170
-2445 -1196 1412 4611 -2286 -1126
4832 -1749 2557 2937 -1872 3163
1289 3347 2251 -2362 4137 -2085
2763 1535 -3477 -1521 4302 -341
1669 3751 1331 -4314 -4295 1143
1393 1795 -3888 -2164 -2292 1317
-4699 971 -4273 -3657 1199 2176
-4321 -1641 -346 3113 -2593 -2186
-1423 -826 2994 -2456 -2047 4180
-4471 1138 1224 322 540 4123
331 -3568 -169 1543 98 -2545
-168 3552 2627 2654 1553 -2392
-418 -2567 -3032 -3165 -675 860
1574 -1979 -3736 3712 1391 -2219
-3978 -1027 3525 -2655 3087 -472
-1826 4516 1270 -3969 3620 2863
3130 -3526 -663 1914 2684 -621
-3794 -602 -722 -2048 2472 896
936 2303 3738 -1906 -4487 2502
1365 -3197 -855 2794 -385 -4889
4050 -3119 1527 349 1044 -2868
-2880 -829 -4323 -1535 -4010 -430
-83 3502 4296 80 301 2014
-292 4322 1488 2396 -3788 -1439
2982 1444 3034 -2244 -210 1835
3762 109 -1951 133 879 -1160
-2764 1480 -3352 2361 2940 -1413
344 -4514 -1671 2909 -1358 -192
-2024 1720 -1032 1147 -3963 -38
4501 -1297 -1275 2958 -2213 -93
2495 3082 4067 -1217 2555 1195
39
1151 2914 -2600 -4543 4622 -76
-3661 -2279 -2328 1443 4313 1246
4986 -4000 4583 -1365 -1101 -1565
-3131 -4453 2925 -1523 -3029 2204
-2893 414 3559 -602 3825 1606
-615 -1038 -4061 -3424 -517 3353
2166 -2926 -649 757 -1257 -1570
266 4025 1840 -4014 522 1326
-1495 2469 794 3959 -3712 -3169
4812 891 3900 -3245 -2065 -1620
-4911 -193 -1858 4109 -3384 2671
3302 -3902 -1387 -1295 1183 -1007
-86 4598 -1788 3054 561 989
2030 3820 487 -3314 -1691 -1310
-307 4765 4185 4963 -996 4261
3160 -4189 3007 2055 -2792 -1159
1802 2889 -75 4933 -2834 743
728 -232 -2367 -1721 2075 -306
-4750 3303 4611 1753 1146 -1563
-3059 1098 -360 -1240 -2894 1778
2192 2247 901 3947 4189 -4267
3286 -2095 -3045 -4211 3100 334
98 -2388 -3728 3467 4432 -2039
1176 -891 -1294 2725 -2047 -1485
944 -543 -3395 2309 -1971 -652
1319 983 -2561 3489 -4090 2227
-1295 305 4208 -4013 -3814 912
-4474 -1901 2292 1816 -4112 2588
-992 -3649 -1421 -4881 4992 -3686
-3143 -2208 -653 -1879 4248 -4229
-999 645 849 -2041 -2377 -663
1792 -1874 677 -2095 604 -695
2873 3967 -856 2059 -3979 844
95 1794 -204 -1033 1886 -3450
-1015 359 1453 -783 -3427 1729
-2497 -146 -3244 684 4066 4242
-2925 -4507 -3938 408 948 1170
2749 -3265 -1951 99 4533 2495
2267 4984 2469 -1839 1072 -1091
32
-4524 -955 1016 -502 -3535 -1779
-2254 1122 -4373 2424 -3932 2756
-3721 3873 1083 -3484 -458 4077
-2124 -4701 -2049 3296 -2278 3379
-1729 979 -77 2063 3949 -1828
4322 -1361 4120 -1064 -3524 -948
-3502 52 -3987 1679 -870 -2476
2956 -4026 -4123 3906 2413 2707
1860 2836 657 -4873 -1527 878
-1072 -3701 -1078 -2505 1376 -1648
4496 1450 3266 1994 -4286 732
1968 -3490 -3415 4306 4042 1985
3430 167 -3683 340 1378 2096
850 4708 3696 1478 -91 -1198
-1741 2183 -1604 -1658 3702 -4696
-4605 2256 4402 -175 -850 4244
-3119 -2715 -1216 946 -1805 -619
1749 4184 95 -3382 3709 -3785
-3092 668 -3946 -3680 -789 -4835
360 -2447 -1820 312 4699 386
3853 -3883 3888 -791 -421 -4951
-156 2235 -1042 687 -188 2186
3399 158 1860 -2241 2208 -135
1915 4020 3158 324 -733 290
202 -4037 -1418 -1198 1423 -423
-3213 -799 -469 1540 -2974 -2113
-1342 3847 3726 3588 -4068 -480
2559 -3934 132 -981 1615 3321
2957 3572 -1977 -984 2071 -980
-3352 -2913 4222 3089 4502 4836
3787 -896 1808 -4191 -2158 -549
1171 1821 -2568 -439 -2621 -298
36
-881 1720 -180 2930 -3776 4774
4644 2962 867 -3788 -1582 1785
1118 -4029 3862 -4164 -4089 -2767
-3804 684 2044 2245 -1152 -1127
4230 2541 -2842 2507 -1257 768
-4903 -3748 1160 -2292 798 537
1180 -3274 -771 4320 -4194 278
3904 2834 -640 -3539 -1819 -4742
401 -1355 3296 -174 -385 3081
-3522 92 -654 425 2174 -440
-2347 -3554 -1640 -1132 141 -3586
3322 -4513 770 -2373 838 112
3075 -635 379 -306 2716 4350
1493 1395 3605 -2094 4973 -4679
-2400 3085 -4692 2107 3045 -921
-3412 1919 466 1221 1401 -749
314 -1133 1459 -268 3725 3533
4530 1213 1959 4118 -2655 -4829
-1412 -3975 472 -3916 3296 -2436
-2774 4721 2873 3334 3561 1892
-800 2843 -3244 -731 2414 1000
4985 2355 -3525 -3187 3048 -4463
149 -59 166 3914 2115 1760
430 3531 -4736 -2584 2093 -4536
-908 -4386 1144 3566 940 2802
-2041 -2113 806 1375 507 1606
45 -614 -1088 3025 -1400 2535
-88 -862 -4405 3871 4112 1045
4698 867 -645 -2688 -3962 -3878
1 3362 110 -1546 -1682 1976
-4801 513 1331 3433 -2774 883
2114 1965 1885 -3845 -4486 645
-3943 -319 3200 -3472 1592 4266
283 -989 -1789 674 -6 -992
1234 -1819 1140 -758 -3663 -666
-3196 -3889 -4357 -667 -3275 2290
39
-3811 -1809 -3226 -2281 633 977
967 -2596 3333 105 4803 -1028
2001 -761 -2657 -1815 1933 -4096
1042 -4536 -3985 3300 -1854 -2912
-3992 -2900 539 -1309 -4626 -4514
2067 -1004 1168 1025 2889 1086
-1591 -1003 -4144 2157 -722 -3947
3206 -2082 -4214 -3735 -856 -3384
-2983 1235 1790 2113 3330 657
4259 883 1371 2016 -1559 738
-581 -4425 4486 -372 2576 -267
-91 -54 -4683 -2529 1696 26
528 -1456 4671 4019 2132 -1754
-2476 3553 -2901 -3401 2978 -1685
3107 -2069 541 -2677 3089 2117
-1070 2013 -757 2523 -3418 4274
-716 -3326 -1467 2424 1855 3071
3080 -2263 -4308 485 -1378 -3059
-2206 3471 821 4224 -387 -671
-1033 2965 492 -1059 -1766 -1872
-3383 -597 4851 432 -3588 -2266
-3772 4733 -1608 -2000 -2030 -1383
-105 -4524 3426 -76 4900 4963
3982 3031 1824 539 -2611 2940
-4611 -1488 4352 -2584 -4256 -3430
-2071 -4634 -1342 -4545 2801 2345
340 1830 260 -3582 -1529 4890
-2285 3737 -3342 2087 2202 3952
3299 165 -1284 4938 -2550 -1727
-70 1914 -3087 927 -2453 1228
-687 1476 1909 3853 -3772 -1526
4912 4046 1681 -2568 89 3692
-4707 -211 -1526 -4877 185 -1353
4857 -3119 -3919 3293 -484 3125
-1624 -207 -2494 2010 2979 2345
816 1254 1755 -131 -1860 3452
1454 2122 4458 670 1860 -3472
3605 4360 3803 800 -3469 3414
-849 2884 2669 -2760 1402 -3923
3
5000 -5000 5000 5000 -5000 5000
5000 -5000 5000 5000 -5000 5000
5000 -5000 5000 5000 -5000 5000
500
-5000 5000 5000 0 0 0
-5000 5000 5000 0 0 0
-5000 5000 5000 0 0 0
-5000 5000 5000 0 0 0
-5000 5000 5000 0 0 0
-5000 5000 5000 0 0 0
-5000 5000 5000 0 0 0
-5000 5000 5000 0 0 0
-5000 5000 5000 0 0 0
-5000 5000 5000 0 0 0
-5000 5000 5000 0 0 0
-5000 5000 5000 0 0 0
-5000 5000 5000 0 0 0
-5000 5000 5000 0 0 0
-5000 5000 5000 0 0 0
-5000 5000 5000 0 0 0
-5000 5000 5000 0 0 0
-5000 5000 5000 0 0 0
-5000 5000 5000 0 0 0
-5000 5000 5000 0 0 0
-5000 5000 5000 0 0 0
-5000 5000 5000 0 0 0
-5000 5000 5000 0 0 0
-5000 5000 5000 0 0 0
-5000 5000 5000 0 0 0
-5000 5000 5000 0 0 0
-5000 5000 5000 0 0 0
-5000 5000 5000 0 0 0
-5000 5000 5000 0 0 0
-5000 5000 5000 0 0 0
-5000 5000 5000 0 0 0
-5000 5000 5000 0 0 0
-5000 5000 5000 0 0 0
-5000 5000 5000 0 0 0
-5000 5000 5000 0 0 0
-5000 5000 5000 0 0 0
-5000 5000 5000 0 0 0
-5000 5000 5000 0 0 0
-5000 5000 5000 0 0 0
-5000 5000 5000 0 0 0
-5000 5000 5000 0 0 0
-5000 5000 5000 0 0 0
-5000 5000 5000 0 0 0
-5000 5000 5000 0 0 0
-5000 5000 5000 0 0 0
-5000 5000 5000 0 0 0
-5000 5000 5000 0 0 0
-5000 5000 5000 0 0 0
-5000 5000 5000 0 0 0
-5000 5000 5000 0 0 0
-5000 5000 5000 0 0 0
-5000 5000 5000 0 0 0
-5000 5000 5000 0 0 0
-5000 5000 5000 0 0 0
-5000 5000 5000 0 0 0
-5000 5000 5000 0 0 0
-5000 5000 5000 0 0 0
-5000 5000 5000 0 0 0
-5000 5000 5000 0 0 0
-5000 5000 5000 0 0 0
-5000 5000 5000 0 0 0
-5000 5000 5000 0 0 0
-5000 5000 5000 0 0 0
-5000 5000 5000 0 0 0
-5000 5000 5000 0 0 0
-5000 5000 5000 0 0 0
-5000 5000 5000 0 0 0
-5000 5000 5000 0 0 0
-5000 5000 5000 0 0 0
-5000 5000 5000 0 0 0
-5000 5000 5000 0 0 0
-5000 5000 5000 0 0 0
-5000 5000 5000 0 0 0
-5000 5000 5000 0 0 0
-5000 5000 5000 0 0 0
-5000 5000 5000 0 0 0
-5000 5000 5000 0 0 0
-5000 5000 5000 0 0 0
-5000 5000 5000 0 0 0
-5000 5000 5000 0 0 0
-5000 5000 5000 0 0 0
-5000 5000 5000 0 0 0
-5000 5000 5000 0 0 0
-5000 5000 5000 0 0 0
-5000 5000 5000 0 0 0
-5000 5000 5000 0 0 0
-5000 5000 5000 0 0 0
-5000 5000 5000 0 0 0
-5000 5000 5000 0 0 0
-5000 5000 5000 0 0 0
-5000 5000 5000 0 0 0
-5000 5000 5000 0 0 0
-5000 5000 5000 0 0 0
-5000 5000 5000 0 0 0
-5000 5000 5000 0 0 0
-5000 5000 5000 0 0 0
-5000 5000 5000 0 0 0
-5000 5000 5000 0 0 0
-5000 5000 5000 0 0 0
-5000 5000 5000 0 0 0
-5000 5000 5000 0 0 0
-5000 5000 5000 0 0 0
-5000 5000 5000 0 0 0
-5000 5000 5000 0 0 0
-5000 5000 5000 0 0 0
-5000 5000 5000 0 0 0
-5000 5000 5000 0 0 0
-5000 5000 5000 0 0 0
-5000 5000 5000 0 0 0
-5000 5000 5000 0 0 0
-5000 5000 5000 0 0 0
-5000 5000 5000 0 0 0
-5000 5000 5000 0 0 0
-5000 5000 5000 0 0 0
-5000 5000 5000 0 0 0
-5000 5000 5000 0 0 0
-5000 5000 5000 0 0 0
-5000 5000 5000 0 0 0
-5000 5000 5000 0 0 0
-5000 5000 5000 0 0 0
-5000 5000 5000 0 0 0
-5000 5000 5000 0 0 0
-5000 5000 5000 0 0 0
-5000 5000 5000 0 0 0
-5000 5000 5000 0 0 0
-5000 5000 5000 0 0 0
-5000 5000 5000 0 0 0
-5000 5000 5000 0 0 0
-5000 5000 5000 0 0 0
-5000 5000 5000 0 0 0
-5000 5000 5000 0 0 0
-5000 5000 5000 0 0 0
-5000 5000 5000 0 0 0
-5000 5000 5000 0 0 0
-5000 5000 5000 0 0 0
-5000 5000 5000 0 0 0
-5000 5000 5000 0 0 0
-5000 5000 5000 0 0 0
-5000 5000 5000 0 0 0
-5000 5000 5000 0 0 0
-5000 5000 5000 0 0 0
-5000 5000 5000 0 0 0
-5000 5000 5000 0 0 0
-5000 5000 5000 0 0 0
-5000 5000 5000 0 0 0
-5000 5000 5000 0 0 0
-5000 5000 5000 0 0 0
-5000 5000 5000 0 0 0
-5000 5000 5000 0 0 0
-5000 5000 5000 0 0 0
-5000 5000 5000 0 0 0
-5000 5000 5000 0 0 0
-5000 5000 5000 0 0 0
-5000 5000 5000 0 0 0
-5000 5000 5000 0 0 0
-5000 5000 5000 0 0 0
-5000 5000 5000 0 0 0
-5000 5000 5000 0 0 0
-5000 5000 5000 0 0 0
-5000 5000 5000 0 0 0
-5000 5000 5000 0 0 0
-5000 5000 5000 0 0 0
-5000 5000 5000 0 0 0
-5000 5000 5000 0 0 0
-5000 5000 5000 0 0 0
-5000 5000 5000 0 0 0
-5000 5000 5000 0 0 0
-5000 5000 5000 0 0 0
-5000 5000 5000 0 0 0
-5000 5000 5000 0 0 0
-5000 5000 5000 0 0 0
-5000 5000 5000 0 0 0
-5000 5000 5000 0 0 0
-5000 5000 5000 0 0 0
-5000 5000 5000 0 0 0
-5000 5000 5000 0 0 0
-5000 5000 5000 0 0 0
-5000 5000 5000 0 0 0
-5000 5000 5000 0 0 0
-5000 5000 5000 0 0 0
-5000 5000 5000 0 0 0
-5000 5000 5000 0 0 0
-5000 5000 5000 0 0 0
-5000 5000 5000 0 0 0
-5000 5000 5000 0 0 0
-5000 5000 5000 0 0 0
-5000 5000 5000 0 0 0
-5000 5000 5000 0 0 0
-5000 5000 5000 0 0 0
-5000 5000 5000 0 0 0
-5000 5000 5000 0 0 0
-5000 5000 5000 0 0 0
-5000 5000 5000 0 0 0
-5000 5000 5000 0 0 0
-5000 5000 5000 0 0 0
-5000 5000 5000 0 0 0
-5000 5000 5000 0 0 0
-5000 5000 5000 0 0 0
-5000 5000 5000 0 0 0
-5000 5000 5000 0 0 0
-5000 5000 5000 0 0 0
-5000 5000 5000 0 0 0
-5000 5000 5000 0 0 0
-5000 5000 5000 0 0 0
-5000 5000 5000 0 0 0
-5000 5000 5000 0 0 0
-5000 5000 5000 0 0 0
-5000 5000 5000 0 0 0
-5000 5000 5000 0 0 0
-5000 5000 5000 0 0 0
-5000 5000 5000 0 0 0
-5000 5000 5000 0 0 0
-5000 5000 5000 0 0 0
-5000 5000 5000 0 0 0
-5000 5000 5000 0 0 0
-5000 5000 5000 0 0 0
-5000 5000 5000 0 0 0
-5000 5000 5000 0 0 0
-5000 5000 5000 0 0 0
-5000 5000 5000 0 0 0
-5000 5000 5000 0 0 0
-5000 5000 5000 0 0 0
-5000 5000 5000 0 0 0
-5000 5000 5000 0 0 0
-5000 5000 5000 0 0 0
-5000 5000 5000 0 0 0
-5000 5000 5000 0 0 0
-5000 5000 5000 0 0 0
-5000 5000 5000 0 0 0
-5000 5000 5000 0 0 0
-5000 5000 5000 0 0 0
-5000 5000 5000 0 0 0
-5000 5000 5000 0 0 0
-5000 5000 5000 0 0 0
-5000 5000 5000 0 0 0
-5000 5000 5000 0 0 0
-5000 5000 5000 0 0 0
-5000 5000 5000 0 0 0
-5000 5000 5000 0 0 0
-5000 5000 5000 0 0 0
-5000 5000 5000 0 0 0
-5000 5000 5000 0 0 0
-5000 5000 5000 0 0 0
-5000 5000 5000 0 0 0
-5000 5000 5000 0 0 0
-5000 5000 5000 0 0 0
-5000 5000 5000 0 0 0
-5000 5000 5000 0 0 0
-5000 5000 5000 0 0 0
-5000 5000 5000 0 0 0
-5000 5000 5000 0 0 0
-5000 5000 5000 0 0 0
-5000 5000 5000 0 0 0
-5000 5000 5000 0 0 0
-5000 5000 5000 0 0 0
-5000 5000 5000 0 0 0
-5000 5000 5000 0 0 0
-5000 5000 5000 0 0 0
-5000 5000 5000 0 0 0
-5000 5000 5000 0 0 0
-5000 5000 5000 0 0 0
-5000 5000 5000 0 0 0
-5000 5000 5000 0 0 0
-5000 5000 5000 0 0 0
-5000 5000 5000 0 0 0
-5000 5000 5000 0 0 0
-5000 5000 5000 0 0 0
-5000 5000 5000 0 0 0
-5000 5000 5000 0 0 0
-5000 5000 5000 0 0 0
-5000 5000 5000 0 0 0
-5000 5000 5000 0 0 0
-5000 5000 5000 0 0 0
-5000 5000 5000 0 0 0
-5000 5000 5000 0 0 0
-5000 5000 5000 0 0 0
-5000 5000 5000 0 0 0
-5000 5000 5000 0 0 0
-5000 5000 5000 0 0 0
-5000 5000 5000 0 0 0
-5000 5000 5000 0 0 0
-5000 5000 5000 0 0 0
-5000 5000 5000 0 0 0
-5000 5000 5000 0 0 0
-5000 5000 5000 0 0 0
-5000 5000 5000 0 0 0
-5000 5000 5000 0 0 0
-5000 5000 5000 0 0 0
-5000 5000 5000 0 0 0
-5000 5000 5000 0 0 0
-5000 5000 5000 0 0 0
-5000 5000 5000 0 0 0
-5000 5000 5000 0 0 0
-5000 5000 5000 0 0 0
-5000 5000 5000 0 0 0
-5000 5000 5000 0 0 0
-5000 5000 5000 0 0 0
-5000 5000 5000 0 0 0
-5000 5000 5000 0 0 0
-5000 5000 5000 0 0 0
-5000 5000 5000 0 0 0
-5000 5000 5000 0 0 0
-5000 5000 5000 0 0 0
-5000 5000 5000 0 0 0
-5000 5000 5000 0 0 0
-5000 5000 5000 0 0 0
-5000 5000 5000 0 0 0
-5000 5000 5000 0 0 0
-5000 5000 5000 0 0 0
-5000 5000 5000 0 0 0
-5000 5000 5000 0 0 0
-5000 5000 5000 0 0 0
-5000 5000 5000 0 0 0
-5000 5000 5000 0 0 0
-5000 5000 5000 0 0 0
-5000 5000 5000 0 0 0
-5000 5000 5000 0 0 0
-5000 5000 5000 0 0 0
-5000 5000 5000 0 0 0
-5000 5000 5000 0 0 0
-5000 5000 5000 0 0 0
-5000 5000 5000 0 0 0
-5000 5000 5000 0 0 0
-5000 5000 5000 0 0 0
-5000 5000 5000 0 0 0
-5000 5000 5000 0 0 0
-5000 5000 5000 0 0 0
-5000 5000 5000 0 0 0
-5000 5000 5000 0 0 0
-5000 5000 5000 0 0 0
-5000 5000 5000 0 0 0
-5000 5000 5000 0 0 0
-5000 5000 5000 0 0 0
-5000 5000 5000 0 0 0
-5000 5000 5000 0 0 0
-5000 5000 5000 0 0 0
-5000 5000 5000 0 0 0
-5000 5000 5000 0 0 0
-5000 5000 5000 0 0 0
-5000 5000 5000 0 0 0
-5000 5000 5000 0 0 0
-5000 5000 5000 0 0 0
-5000 5000 5000 0 0 0
-5000 5000 5000 0 0 0
-5000 5000 5000 0 0 0
-5000 5000 5000 0 0 0
-5000 5000 5000 0 0 0
-5000 5000 5000 0 0 0
-5000 5000 5000 0 0 0
-5000 5000 5000 0 0 0
-5000 5000 5000 0 0 0
-5000 5000 5000 0 0 0
-5000 5000 5000 0 0 0
-5000 5000 5000 0 0 0
-5000 5000 5000 0 0 0
-5000 5000 5000 0 0 0
-5000 5000 5000 0 0 0
-5000 5000 5000 0 0 0
-5000 5000 5000 0 0 0
-5000 5000 5000 0 0 0
-5000 5000 5000 0 0 0
-5000 5000 5000 0 0 0
-5000 5000 5000 0 0 0
-5000 5000 5000 0 0 0
-5000 5000 5000 0 0 0
-5000 5000 5000 0 0 0
-5000 5000 5000 0 0 0
-5000 5000 5000 0 0 0
-5000 5000 5000 0 0 0
-5000 5000 5000 0 0 0
-5000 5000 5000 0 0 0
-5000 5000 5000 0 0 0
-5000 5000 5000 0 0 0
-5000 5000 5000 0 0 0
-5000 5000 5000 0 0 0
-5000 5000 5000 0 0 0
-5000 5000 5000 0 0 0
-5000 5000 5000 0 0 0
-5000 5000 5000 0 0 0
-5000 5000 5000 0 0 0
-5000 5000 5000 0 0 0
-5000 5000 5000 0 0 0
-5000 5000 5000 0 0 0
-5000 5000 5000 0 0 0
-5000 5000 5000 0 0 0
-5000 5000 5000 0 0 0
-5000 5000 5000 0 0 0
-5000 5000 5000 0 0 0
-5000 5000 5000 0 0 0
-5000 5000 5000 0 0 0
-5000 5000 5000 0 0 0
-5000 5000 5000 0 0 0
-5000 5000 5000 0 0 0
-5000 5000 5000 0 0 0
-5000 5000 5000 0 0 0
-5000 5000 5000 0 0 0
-5000 5000 5000 0 0 0
-5000 5000 5000 0 0 0
-5000 5000 5000 0 0 0
-5000 5000 5000 0 0 0
-5000 5000 5000 0 0 0
-5000 5000 5000 0 0 0
-5000 5000 5000 0 0 0
-5000 5000 5000 0 0 0
-5000 5000 5000 0 0 0
-5000 5000 5000 0 0 0
-5000 5000 5000 0 0 0
-5000 5000 5000 0 0 0
-5000 5000 5000 0 0 0
-5000 5000 5000 0 0 0
-5000 5000 5000 0 0 0
-5000 5000 5000 0 0 0
-5000 5000 5000 0 0 0
-5000 5000 5000 0 0 0
-5000 5000 5000 0 0 0
-5000 5000 5000 0 0 0
-5000 5000 5000 0 0 0
-5000 5000 5000 0 0 0
-5000 5000 5000 0 0 0
-5000 5000 5000 0 0 0
-5000 5000 5000 0 0 0
-5000 5000 5000 0 0 0
-5000 5000 5000 0 0 0
-5000 5000 5000 0 0 0
-5000 5000 5000 0 0 0
-5000 5000 5000 0 0 0
-5000 5000 5000 0 0 0
-5000 5000 5000 0 0 0
-5000 5000 5000 0 0 0
-5000 5000 5000 0 0 0
-5000 5000 5000 0 0 0
-5000 5000 5000 0 0 0
-5000 5000 5000 0 0 0
-5000 5000 5000 0 0 0
-5000 5000 5000 0 0 0
-5000 5000 5000 0 0 0
-5000 5000 5000 0 0 0
-5000 5000 5000 0 0 0
-5000 5000 5000 0 0 0
-5000 5000 5000 0 0 0
-5000 5000 5000 0 0 0
-5000 5000 5000 0 0 0
-5000 5000 5000 0 0 0
-5000 5000 5000 0 0 0
-5000 5000 5000 0 0 0
-5000 5000 5000 0 0 0
-5000 5000 5000 0 0 0
-5000 5000 5000 0 0 0
-5000 5000 5000 0 0 0
-5000 5000 5000 0 0 0
-5000 5000 5000 0 0 0
-5000 5000 5000 0 0 0
-5000 5000 5000 0 0 0
-5000 5000 5000 0 0 0
-5000 5000 5000 0 0 0
-5000 5000 5000 0 0 0
-5000 5000 5000 0 0 0
-5000 5000 5000 0 0 0
-5000 5000 5000 0 0 0
-5000 5000 5000 0 0 0
-5000 5000 5000 0 0 0
-5000 5000 5000 0 0 0
-5000 5000 5000 0 0 0
-5000 5000 5000 0 0 0
-5000 5000 5000 0 0 0
-5000 5000 5000 0 0 0
-5000 5000 5000 0 0 0
-5000 5000 5000 0 0 0
-5000 5000 5000 0 0 0
-5000 5000 5000 0 0 0
-5000 5000 5000 0 0 0
-5000 5000 5000 0 0 0
-5000 5000 5000 0 0 0
-5000 5000 5000 0 0 0
-5000 5000 5000 0 0 0
-5000 5000 5000 0 0 0
-5000 5000 5000 0 0 0
-5000 5000 5000 0 0 0
-5000 5000 5000 0 0 0
-5000 5000 5000 0 0 0
-5000 5000 5000 0 0 0
-5000 5000 5000 0 0 0
-5000 5000 5000 0 0 0
-5000 5000 5000 0 0 0
-5000 5000 5000 0 0 0
-5000 5000 5000 0 0 0
-5000 5000 5000 0 0 0
-5000 5000 5000 0 0 0
-5000 5000 5000 0 0 0
-5000 5000 5000 0 0 0
-5000 5000 5000 0 0 0
-5000 5000 5000 0 0 0
-5000 5000 5000 0 0 0
-5000 5000 5000 0 0 0
-5000 5000 5000 0 0 0
-5000 5000 5000 0 0 0
-5000 5000 5000 0 0 0
-5000 5000 5000 0 0 0
-5000 5000 5000 0 0 0
-5000 5000 5000 1 -1 -1
73
272 -1762 1296 1206 866 2747
-3442 -2228 4396 346 1761 1288
1268 1395 -2837 -507 3650 -2551
402 2427 1573 1163 -831 -4370
-3761 -919 4544 4697 -2614 1463
1700 3459 2004 -1048 -681 1346
-4611 -3588 -1689 -241 -4459 -4364
1225 2488 2440 -3838 4385 2180
4908 664 979 -178 -4450 712
1171 3247 -1103 -1994 -787 447
-3382 -1421 -1420 -4801 1009 -1531
3865 3721 2572 3180 2922 -2356
4847 1685 -1928 1770 424 -4345
-2054 -3969 -3537 -178 -3684 -493
-4148 -4620 -2943 3075 -583 87
-4511 1721 371 -821 -4695 -260
1860 -3587 1810 -328 -3771 1671
3651 -1218 -1514 -2388 -2053 -3907
-2294 -1231 838 -4958 3461 -3321
4978 -3031 3561 -4182 -2778 1036
-287 -706 1643 2898 -147 601
-2282 -4022 -1180 4125 1063 105
3248 -2469 -3497 580 480 1557
-3018 -1753 -1917 3623 2647 -2514
2185 -4673 -4986 -3390 -2993 -4107
2939 -766 344 -1805 -344 3
-434 847 -2081 -902 -90 1849
-1754 4568 4273 1570 1802 2872
-2635 2268 362 -4590 856 -2482
1729 -354 -3150 874 -4308 -3595
-4009 -2767 -2987 -4959 2852 2586
1645 225 -305 1597 1615 735
1653 733 4354 -862 3180 1399
-3739 -3751 661 1532 -3817 -1542
3856 3579 2032 -3373 -1534 798
2703 -2136 3022 -1720 1112 1093
-4142 2409 -367 2079 -2747 -1323
-1278 1040 -1840 -2791 -3472 2893
4906 -386 -3979 522 3295 -2191
1396 4525 426 -4072 1936 -4133
-4043 4336 -4783 822 -160 568
1527 2319 1842 815 -135 1343
107 -4962 2687 3832 1808 -534
524 3568 -3016 3753 -3203 545
617 -2652 1054 3564 -3370 1796
-2938 -568 -1469 660 555 -453
2617 -2392 475 -4261 -805 -2543
-4926 3721 -873 2480 -4308 -2373
-4615 1670 2220 2280 -4084 1020
3916 754 3322 3357 2509 912
2104 -2898 3063 -675 364 -4876
4446 -1666 4255 2928 -4513 686
3129 1410 -3980 663 843 -4843
3072 -1199 -4114 3990 -2471 3195
3789 -1258 952 -1103 -3696 -862
-834 1160 1506 -4767 3384 2209
1318 -2387 3155 1247 779 -2293
-2487 -1440 3058 -775 -50 -2107
3013 627 1173 -3079 -1169 -1942
-2450 3343 4873 1555 3104 -363
-3281 3529 288 -2732 4111 4819
-3156 -714 -2116 2610 843 4852
-3870 -4583 -259 31 1287 3623
-4724 4962 -374 796 3219 -2183
-163 1372 -3393 -4992 3032 -2267
3446 -2695 -3800 -2651 1213 2816
3781 -1774 4074 4152 -1319 4507
-4817 4968 -1958 589 4168 3137
3610 -750 -332 2094 691 2148
40 -1600 -1769 1176 2235 3033
-634 2 -4626 -1248 -115 3413
-498 576 -1267 1310 3811 2007
-4219 3845 -2642 2054 4187 2699
13
2168 -3487 -3187 -55 2575 -896
-1500 -2211 -3348 2733 2654 1995
1517 -946 4075 1656 1881 920
1684 3967 951 465 2464 3288
-3399 -4673 2128 1037 -809 -969
2352 -645 3230 3259 -74 -1640
-4768 133 -238 -2398 -108 3805
-4347 2827 -2577 -2968 -2365 -1410
2589 -1537 -1438 -4665 -3660 -3469
2591 -278 873 -731 -550 1437
3249 117 2204 -1770 1038 922
3220 4649 -3111 3091 -951 -2979
-3739 -621 -1963 -731 -335 520
36
-4799 -2995 -3782 291 3296 117
-3472 -439 -294 1857 -1500 276
4203 -243 -1818 -1694 -2531 -4088
3062 -1818 -1901 3253 -3638 -2672
4242 -2162 4126 936 -1075 1401
-1256 -3965 -3512 -4806 -1557 4429
3950 -4186 -432 2396 675 -2012
-4733 -1012 -2958 3134 3913 2903
-2469 4740 2968 -4657 -1126 4381
2532 -3362 3393 -1682 -4265 4684
3526 3891 2437 -1777 -3482 -1247
1329 -1900 -871 -2611 4812 -1920
-514 -3735 4018 -600 -2403 3367
3638 -1593 -932 -4093 -117 -1040
-293 -661 -2579 3515 2430 -1501
-589 -2034 -4670 1669 -2265 1046
-802 -3180 -477 -863 4624 1896
2461 3699 -1641 -1953 -801 3224
4718 1680 3881 -1202 1053 1154
-3971 4610 -518 889 477 -2912
1200 2643 2733 1311 2768 -4092
419 -4976 -3072 555 4038 2557
734 -1455 -682 4636 2725 -210
358 -2299 -620 1647 -657 -3011
-602 2009 -3371 793 4403 -1783
-1389 4853 -2096 -3052 -1978 -2858
-2247 -2214 1768 3350 -715 -504
-626 2141 3135 824 1151 683
-4511 974 -1904 -1946 685 2251
-1623 921 3078 -4131 -4679 3244
-4386 3508 -455 654 -1204 3185
1085 -1214 1340 -3368 3030 -1875
-771 941 409 4222 -227 -4510
-1366 3180 3291 3065 -3102 -4067
855 3298 4369 164 -1308 3521
4693 29 -4378 -2372 44 -2780
43
-661 2491 -2267 864 -1351 -1845
3114 1047 -3184 -3455 496 1000
-2276 -1134 -894 3960 1259 3110
309 2559 1832 1117 219 2413
-1396 -196 981 -1514 989 -1279
583 482 -601 505 -242 837
2650 -3345 4793 954 -804 -1061
2270 4175 -1480 -748 -3753 2790
-1395 902 3884 -1886 618 2576
1 2923 68 1111 -2040 -4792
259 -4077 3212 -107 831 3370
-3007 -1700 -2440 -3458 -893 -2543
-3553 1389 1056 1281 -421 1788
-1143 -3960 1726 -3614 606 -2733
-504 264 -1677 1532 -3797 710
-987 1974 -936 -1909 1482 851
2 208 2320 -1406 -2735 842
199 680 2494 2628 -3676 -4480
2325 -3300 -2392 623 1971 -2356
-1243 2107 -1881 -765 4652 -3262
-1984 -4334 -2852 -773 -2506 -1284
-1670 4712 332 2418 3234 -507
3257 696 1254 1442 3160 -3334
-2732 4135 309 2118 -4106 557
4030 2914 2581 3900 1938 -3146
2960 -1854 -4553 -4247 2299 180
1348 1688 -671 4603 136 -2270
-277 -949 -2149 3846 4121 1388
3893 1695 1154 429 -3408 -982
-1792 -904 1211 -3084 -432 -4204
2752 346 360 -575 4326 -2794
-3305 1413 -2922 1933 2875 4338
-966 -1625 3641 -3173 -406 1647
2206 -2958 3650 4840 3709 1349
-4654 -2496 -2281 -1031 -3111 4228
149 2901 4212 -639 4998 1210
2771 -3845 -2494 -1377 -576 -611
327 2646 4147 -4106 3638 -3598
2907 -4577 1076 699 1886 2219
648 -2576 -3548 739 -3890 2977
-2703 -2734 -2252 1995 -2750 -1801
-4025 -1884 -2124 -3150 -3891 3279
-1997 2440 -1650 -1539 -4171 4883
42
2582 -2183 -3102 4193 2464 -4566
-3051 1039 2104 3330 -4220 2855
277 -645 -1180 -533 841 4112
-2002 1932 3692 1313 -94 -1822
1925 -3147 1931 -2053 1671 1115
-1225 4606 1740 -163 -824 -2478
-4368 1164 2285 1770 1625 -4037
-1394 -3289 1769 -3240 3162 -2060
-2085 -891 -4629 -1153 3318 281
-1396 -1122 2732 -1566 2841 -4854
2573 -1715 -1855 -524 2938 4906
1228 -3222 -2309 -3902 550 3629
-1696 950 -1831 3395 -3561 4960
3267 2875 1642 3354 -2508 2988
3570 4340 -2727 3308 254 -2445
-3984 513 -2376 2487 -3648 4984
2572 -3184 2182 -4017 -2277 -2458
-600 -3594 -1509 -1700 -204 123
3046 1725 -182 -2657 3964 3795
2314 -4125 -2061 -2147 1403 -2726
-176 -1574 2474 -3933 2054 3751
-4181 4279 -2918 -3414 3643 4048
1105 -496 303 4969 -2906 -4189
3872 4939 -1868 -4016 -1456 2930
-1992 144 4807 -4465 3239 -1170
-943 1035 1082 -728 1839 -613
299 930 4542 2407 -1382 4402
-4815 1665 4440 1922 2175 4903
-2117 1514 1310 2357 -4621 -4198
3323 91 -915 416 -65 2070
1071 -1378 491 2826 4098 -2822
-1220 -2655 2518 1865 -3205 -4659
2057 -2531 -3260 -3990 -2215 -4265
4851 548 2 -2130 1496 -4020
-2242 802 4202 -1964 -4629 1883
4750 -3934 1091 1296 3801 1336
354 2435 -921 3781 -2740 1331
277 2617 -4848 -2096 2578 1413
-1117 -3052 -3886 14 -2145 -4481
-930 -4868 311 -87 -2826 -2259
-3222 2192 -3172 360 -160 429
859 3944 -3420 4252 -3347 -1308
6
-1573 1250 2552 34 1792 4175
-3156 1749 -1529 476 2386 -1373
1678 -1818 2825 2719 736 -2250
1571 -4048 2248 3873 -1950 47
-3061 3559 -4993 -2047 -3988 -1110
3622 -227 2394 -4929 922 4
45
-1255 378 -2237 -4193 3628 -688
-3590 875 -397 -139 1595 2814
3687 4507 2310 -1566 644 1914
2936 -4684 4570 2339 715 -2440
2738 1291 -1290 684 871 53
578 -4405 1842 -451 1424 -811
2653 1506 -14 -2341 -2908 -325
-4421 -4638 4148 4954 -117 1084
171 3151 2702 -720 4260 -1158
-1649 254 2996 3907 -76 284
-3363 50 -1415 4058 -673 439
2114 1051 2849 -94 -44 -1464
3363 282 -3894 -866 -2727 -3110
-2724 -1572 -420 4610 721 3323
4392 -2479 -2859 -1619 3210 -3473
-558 1308 -1335 1012 -2605 1339
-3103 -2095 1430 2817 -2556 2751
3894 -540 1714 -2322 3121 -2590
3745 -4719 -4711 -1565 1894 860
-2632 -2757 639 798 556 -2873
-375 -1250 2020 -2733 3539 -2562
-3017 2108 4827 -1569 -3853 1178
4637 3312 -1253 -621 -900 1227
-23 -1999 530 1559 3344 -1722
-4963 -3100 2538 -3013 -3523 1633
-1448 588 -1011 4599 -1013 1921
-2393 3479 -2033 -4224 -4808 1422
4430 4265 -231 -2523 -3389 4852
-3244 1710 -438 -2721 3249 3533
1267 -3396 -4201 754 -1571 -4423
-2048 2421 4672 319 -1513 -1614
-85 -741 -3976 -2581 -504 -3976
-951 1365 -824 2469 2742 2572
991 -930 -3938 815 -2281 1329
1126 1677 -3359 -561 3068 242
794 875 -1503 -3273 2367 -3481
337 -4348 -2487 1179 -768 1546
-2341 3519 4390 2970 -1404 -1847
-4466 -1236 2033 -2174 102 2917
118 -1382 -214 3412 -1423 4664
3464 292 -1616 2509 1429 1020
2097 4635 -404 -3593 4602 -4111
-2900 -51 -4229 -257 -488 3604
692 1466 -975 -1392 -2680 -4395
2783 -771 3081 829 -4969 -768
41
162 -1178 -2058 4925 842 1916
-143 -2264 -870 3749 1808 2297
69 4002 -3113 -1324 -3271 -2191
3459 1598 -1399 -299 4292 3258
3690 -2724 -2831 51 586 1906
2317 2367 802 260 -701 -1261
-176 3738 497 -3235 2039 -2729
228 647 -2347 -4975 -94 -917
146 -4022 -8 -4657 4788 -1153
2677 4555 -2621 -4923 433 3795
2382 428 -3142 3615 -2870 1182
922 2831 2720 -478 -4884 -755
597 -4352 -2093 2325 -4101 1600
3873 -3878 -4484 2837 -211 4981
1913 2797 2630 3314 2624 -2052
-4358 1290 767 -3714 -1838 -1011
925 1366 3869 -1378 -3540 -359
-2387 -237 649 -2427 3306 2151
-2752 -592 4657 -2356 4365 2889
-3664 -2400 -2133 -470 -61 -3460
390 2632 4742 2758 189 -1880
-1168 -2724 -1101 2570 -3872 -1126
-359 2558 822 -3083 4015 -2023
-3378 -4355 -4322 -4181 1858 3380
1484 -1154 1888 -3437 -1439 2461
-164 -3499 3319 1528 3512 -2863
800 -809 809 -729 -499 205
-2269 -2606 -1810 3031 -2653 -944
-3267 1397 -1935 1116 4404 -2079
-3220 3182 -1718 2831 2997 -478
4699 -4749 -1980 2924 1651 3525
-1951 -11 -89 4164 -3044 -4038
-4232 4814 2196 336 1633 1679
2667 -1651 -3142 -3816 -4712 -1386
-1620 -977 1839 3772 -2558 -4129
-1434 4419 4513 3901 -1045 4204
-3652 -1651 -233 -4984 4308 -4577
4325 1655 3031 -4605 -2146 280
1740 2508 930 2952 -3165 2141
-3399 -854 3030 -9 -521 1812
4344 1143 -623 2032 -3074 -4215
35
-1498 -3181 716 1172 -3314 2843
-3232 4839 -820 -2820 1199 1522
2563 4417 -485 1380 927 2030
1219 3091 4839 -3367 909 -3501
-2904 220 -2344 1196 -1226 2962
3460 -4313 -3250 736 -3193 -2625
4333 493 -4457 -2405 2632 -843
3596 -191 -2083 -233 3018 127
-4098 1456 -915 -2138 -2252 4078
2973 2455 -1905 -577 3734 298
-2595 2808 -581 -797 -1379 4786
-4952 459 2309 -39 -2748 -2463
-4287 -4734 42 -3764 2625 12
3522 1847 1762 -1552 87 3670
-2424 -3916 4624 -21 3457 -4666
3676 1025 -1163 3266 4415 -4227
3515 -2696 1580 -359 -1200 3977
-4161 -2129 -2751 -1748 -2930 -3326
-4559 -865 -3195 -4609 -1451 384
2787 4424 -2439 -3200 -800 3183
-982 -4733 -3730 4767 3168 -766
-3870 1403 3583 3244 225 -4428
694 -4854 3822 1451 1231 1638
4069 844 4263 2872 1400 -3558
723 -1625 -123 -2338 2298 4377
4701 1931 3834 3194 -408 1019
-630 -3158 4180 2003 -443 -2813
-2091 -2030 2071 -4099 -1094 1256
-371 839 -385 -698 -3840 -1624
-1247 -1274 2025 3303 -1168 4262
-4986 345 -1258 4271 -3917 -2998
4388 2382 -4202 3673 2941 1463
2277 1149 -4188 1821 570 -3882
-1944 -2017 -2180 -1464 537 -3493
3070 4543 2912 -2527 -3562 1283
44
276 3878 -2191 -3522 225 -33
1032 -1182 4900 3007 -3781 -3957
-288 2942 3039 2752 191 -3085
-3592 -1485 4858 4285 -4609 2963
-2112 1833 -1908 1587 3837 -4461
4960 -3105 -809 1549 2902 142
-933 -4685 -4228 2146 -3491 2435
-2525 2306 1934 1958 -3207 4107
8 4410 -3243 1357 -1797 -634
3223 -3949 2523 196 2693 1974
3401 2217 -4437 488 3365 -524
108 -4421 4687 -95 2839 -1195
885 -2067 268 919 -4380 3655
-670 1449 -1118 -2291 4446 -4186
3590 -4340 -3088 -3537 -3139 -1018
-4077 136 3947 -834 -2639 -4306
-973 -1950 -1865 3028 -2882 585
-800 3056 4447 -3030 1644 2441
-651 -3677 4990 -120 2914 591
-1305 3982 -4105 2278 -1961 2570
-2271 2798 -131 4243 325 2678
-2766 1879 -925 2752 1735 -2743
1319 1818 3893 -1230 811 -4447
788 -3845 -4377 -2972 982 -955
3148 -4046 -160 2775 -2726 1364
-372 -3200 -39 -532 1349 948
3826 -1044 -1339 -4027 -2521 4250
-3367 899 -4739 1864 -2568 -1043
-1313 2648 -2464 -3663 1642 -4464
2244 -3573 4958 -3787 -1930 -2704
-2212 2290 -680 -3644 2708 -2735
3248 3897 1275 2225 -144 4017
-3153 -2382 2600 3607 412 1939
1433 -4977 -4089 -3086 3960 -1007
172 1254 982 -2028 -1068 3956
-776 4756 -3762 -1620 -2587 -1000
285 4838 2319 -1731 3412 1628
-1833 4314 -2599 2681 -508 635
784 -1780 -579 -3420 443 2555
-3976 -3846 769 -1235 2708 -1812
-1702 1630 13 -1585 -1557 2444
972 -4777 1582 -947 -1741 -1984
505 3792 2198 3189 -306 -3610
2708 3263 -1053 413 3686 3718
47
-3395 1204 4188 4514 -42 2290
-2032 2591 -2387 4734 960 -4649
2524 4202 921 483 -3895 -1012
77 -1359 1548 -3406 -806 -2031
4601 1363 41 -609 3633 -1956
3474 -2815 -1474 -1107 -4491 2525
-3419 528 -1289 2155 1376 -2478
4016 -4842 2698 -496 1692 -2158
4941 -2820 4306 -2715 -4508 3486
-2155 -2095 -1526 4650 -597 3455
1682 2154 1219 3257 2377 2518
387 3083 4518 738 1419 1702
-1324 351 -3406 -130 -4799 660
-1266 -1796 -3711 -2421 899 -1008
3864 -2741 276 -320 -727 4076
628 -11 2506 -885 -4133 -3242
614 -1010 -2848 -2143 -4867 4315
-4674 -497 -443 -3425 3282 828
-2352 -2055 -954 4871 2179 -1212
-2002 -325 -3269 -562 -2242 -4025
1540 2710 1914 -63 974 2062
733 473 -4715 -1332 -662 -4160
-1561 -2725 683 -2378 -3163 -1105
422 3967 -1307 1119 2504 4336
-1340 867 2916 2904 -2836 -3319
-4330 2169 1347 1060 1073 -935
3761 1254 -2636 -1798 -2577 -3259
-1309 900 -1019 855 -1421 3397
3466 -4717 3008 -3558 -1856 -1243
505 -2980 -218 856 3770 3448
2051 -2168 -2719 -2524 2474 4377
145 -3485 2169 266 -4292 -4745
3941 -4031 -1965 122 3438 320
140 54 -3486 -3611 3289 4676
-1238 3497 -2263 3675 855 -213
352 -1519 1323 1043 2718 2807
-1091 3771 1334 53 966 1972
-22 -4388 -2027 -2058 2487 -3110
-2138 134 4180 1397 1183 -4452
-144 1511 -1811 -1431 4550 1357
-4707 4819 1772 -399 -2419 -4929
-804 937 -1199 104 1656 2832
-1943 2978 -3439 -3001 4585 -417
-245 3910 -229 3830 2792 -1467
4877 3694 4024 -4953 -2659 1425
-4602 48 -3019 -2562 -4129 -1962
214 -4784 4913 4837 -67 886
23
-3133 3562 2721 -2768 1214 41
-2296 2716 776 -3859 -137 -400
-4318 -2479 4589 1651 -4002 -3247
-812 1406 3474 -1641 4615 -859
4571 1024 -4717 -2668 0 4800
3502 545 -2126 4855 119 3713
263 -1700 177 -3945 -3806 164
-3439 -1215 4493 1945 -3426 -241
1609 -4945 1394 -941 -2126 -1000
-668 1810 1832 4554 -2167 -3152
3030 -1167 2802 -638 1216 -1825
-108 -2677 959 4087 2053 -4762
3692 -509 452 640 -4697 4399
-3898 4439 -3334 1264 462 1925
-401 -3800 -756 2503 -139 -935
-866 4215 -3453 -1110 3858 -1297
734 -2563 -3603 -4649 1411 3211
1095 2145 -1028 996 4134 -1380
3871 476 -3184 -424 -2496 -1102
838 4431 2923 4720 4058 282
1437 72 -3634 -3321 -1504 342
-966 -602 1511 2213 -2047 -1075
-1271 -3894 -3138 -3815 3199 2512
11
-3421 -2589 2433 4309 2269 -719
2192 -2996 3896 949 -1925 -3072
1118 1637 2547 -1859 376 -3012
-1550 -1263 495 2543 2196 -2374
308 2801 -4584 -4723 -1409 -1038
2992 -333 2330 1628 1301 1983
-1991 4567 -4382 2059 2186 2654
226 -2534 -2080 -2537 -1020 546
-3286 2752 -3972 -2458 -1408 -304
-807 -1775 3989 4182 -1620 1811
2061 414 -1124 -3085 -1309 3713
73
-1602 -4691 467 -2895 -4271 3269
2147 2134 -1806 -4650 3854 1326
-445 -4579 -3663 -2667 -765 -2144
340 -364 166 1620 -1294 3429
1678 -2590 -2134 696 201 3606
-954 3179 -94 4864 409 1345
-945 2068 -3683 -659 3022 1370
-2361 4113 4098 -3682 -2598 4812
68 -4148 -3427 4308 2655 2795
-1205 -1065 2035 1299 1571 792
2373 4301 -823 -4748 -752 -400
-3256 -3208 2251 -247 -686 1122
4041 -218 -3437 -1665 3938 -907
106 -2426 1772 3420 -299 -481
1289 -2660 4833 -865 -535 4807
-4163 -2500 1107 -1511 -4159 1869
-3595 4032 626 -296 -3010 1460
-1632 3489 -4114 -4635 3358 -3340
4372 -1009 -4580 -3880 -2018 1965
-258 -1681 4621 -3829 -4876 -1547
3560 -2824 3874 3690 -4221 734
-2834 -3268 -3834 -1212 -1605 3934
4718 2623 723 3895 -957 2319
4042 -2674 63 2265 -2916 4462
-2331 -213 -2609 -3690 3216 -4810
-2515 -42 353 90 -1802 301
3396 -4886 1476 1127 4788 -456
-4028 4436 -1220 -3857 2119 2051
-4751 1288 1361 2448 -933 -820
-2969 -435 -2548 579 1603 -2655
4655 -1124 657 184 -460 -4704
869 -3619 -3598 3920 2724 -886
1247 -3691 -171 -3955 1466 2618
344 2116 -220 1418 -4774 -2767
-3981 -1966 -648 2878 1690 -2299
-3059 4359 -2442 -617 -1280 1467
2502 1442 1573 -4632 -1386 -4775
-751 -2177 3381 -2417 -928 -4583
-3349 957 461 -1453 -1045 -2789
-764 -2368 -2365 4516 2102 1489
3678 3552 -150 -3497 472 -3481
-4164 2548 -2863 1788 -3348 -292
3317 376 -4034 -1231 3509 3571
-1093 -3685 3619 -2839 -3010 -575
-4024 -1409 2395 -1481 769 -4478
-3218 3626 -4551 -2427 4442 -278
-1145 4381 2342 -3971 3984 -4720
-1903 1071 -4576 2004 4857 1850
148 -2461 -4442 4147 508 1045
1340 1219 -2829 -269 -387 2651
-2506 3602 3325 4111 1025 1630
-2327 -2813 -1832 -1466 1120 -3903
3409 2394 3605 681 4397 -1716
2542 -552 60 3404 2436 -507
3955 -4213 3187 676 4075 3237
229 3797 498 -2982 156 -3531
2690 3029 -3393 -2159 3067 421
449 -1716 3376 1632 -3362 -3905
-4526 3807 4892 2673 1226 1904
-180 -3986 738 -1651 3985 -463
-1730 3750 -824 -1117 3860 -1529
4681 -964 -3148 3581 -4693 -2570
784 4286 1873 486 -1449 -3807
1086 4733 1122 1668 -4365 27
-4562 4343 2113 3895 -1601 -2125
4044 -4739 1382 -399 -1718 -1237
4738 4062 3618 1147 2022 4293
-2421 -1662 -719 -4907 -4916 1641
-4926 957 -2027 2045 1656 -1444
2622 -3824 2988 791 -1120 2592
1942 -3854 4057 4640 -4203 -104
4684 -1810 1218 2276 -4447 -1648
2046 334 -582 3520 -473 4232
49
-1655 1620 -283 -4917 4490 1593
-1692 1433 -1136 3269 1742 -2127
3068 -2255 1727 4457 -2430 205
-1966 816 -3103 3709 2879 1789
-2875 4489 4264 4831 -134 -2879
1242 504 541 -1058 2572 2306
-1410 655 -2890 4289 -965 -3467
-4218 -2558 -66 3681 882 425
518 774 4549 -4717 -4024 -4316
-2060 576 -857 4746 532 952
3135 1599 3498 3016 209 -2770
-2791 -2328 -127 -677 -3726 -1419
-4838 2069 1851 -2010 2293 1228
-459 -3817 -2475 1673 -3261 918
1438 4316 -878 -4749 -3970 1284
380 924 0 -4443 -4496 -3294
-2747 4680 -4676 -2657 -3151 4109
-2089 1297 50 703 3375 -1430
1310 -4332 -408 615 3709 -1736
509 3770 466 -4587 -3900 2954
-3852 3786 -3559 -254 1499 -2829
-174 -1861 -1430 4031 -4302 -300
1611 -429 1246 -3880 2112 -3435
2976 266 -663 1271 1993 -3899
-948 -4715 2541 477 3317 3447
-718 -4144 -2227 -4011 -4416 4766
-4330 -4971 -3353 -2554 -2391 -4129
4752 1770 2759 3276 -925 -2796
664 -1487 -861 3715 2841 -737
1304 3555 -3344 -2695 -340 -2795
2564 -1708 583 4945 1134 3766
502 4858 -3267 -1343 679 2186
-1272 -3094 -905 -293 4712 4078
1508 1292 3887 1247 1542 3076
-1797 1315 1341 1033 -1967 -4491
410 1872 -955 -3653 -2332 -941
2761 4421 -247 2475 -3124 4232
1375 -3097 -2165 -3495 69 1777
1507 -4086 4222 -380 -747 -220
4298 3228 455 3571 4869 -818
1575 -2545 1440 -3721 -1541 -438
-943 -658 3582 1121 1583 760
4764 705 374 -1197 -503 -2151
-4224 103 2876 695 -2536 2780
449 -3008 -179 -788 2848 -47
3613 -3178 -3862 -3031 -3896 1492
874 -3580 1081 -920 2246 4933
-2020 2043 4877 -2867 4866 -3471
-521 -585 -4594 1928 159 1804
47
1819 1577 -4012 -1770 -1709 1675
-3917 -4842 278 -3309 -2347 1073
-2392 -1344 1650 2157 -364 -3471
4090 3915 4349 -1425 -1378 -1961
2882 2668 -1533 1729 2005 4551
748 -2194 2294 4088 -2981 -551
4301 -3576 -3670 -580 -4758 -1233
-572 -2391 648 -858 -3977 -1002
2766 2622 -41 -1115 -74 4157
1866 2534 -4649 -2681 1351 1398
2988 -3508 1146 4425 4480 1111
3167 1252 2873 -1774 -4090 1689
-3371 -3598 2001 -1603 -757 -1510
-3437 -165 3282 1830 3176 -4733
-1291 1302 -3191 2395 164 -327
-3374 2952 -1550 -2506 647 -2811
4781 3390 -2771 1607 1058 -3928
-951 -2089 547 2110 1493 4071
-417 -4713 1298 -188 -2971 175
-1830 2993 1279 -4402 731 1111
-635 -572 -1436 -3958 1705 119
-2815 4156 1280 3277 652 43
-897 117 2809 -3138 2881 -81
-3372 1327 2663 991 611 -4817
1103 1134 -4691 -509 -1526 -2008
-3278 -1874 1575 -2383 1823 -716
3821 -4086 -2235 -863 -73 -3188
3460 1888 2022 -1226 -2906 2357
980 -256 70 -3002 1537 -4253
-1444 3187 -1974 3012 1650 -2213
-2327 -3147 1132 1931 -3740 -479
-4372 -702 1972 4072 -879 -1502
906 -853 1916 -1689 -859 -1625
-527 236 113 1284 2512 4521
2508 4871 -2740 4832 690 2456
396 -3381 -1914 147 2774 1749
1716 -4235 4239 2344 1648 3783
-4417 -2028 934 -1174 -2870 751
2100 1305 -3426 2236 219 140
4910 2895 2288 -1427 -636 1514
-2461 1288 1643 -3499 1033 -2828
-1838 749 -2857 3213 -2082 1498
2284 -1364 -954 -1727 3291 -4375
-2982 -2899 2281 2572 3716 3018
-2780 3016 -2178 -3068 -1654 3441
-407 2792 -3173 395 -370 2016
562 191 2173 -2723 1694 2955
13
-3992 -3898 -592 -1374 -580 -3270
1352 4275 -4693 -3676 -4720 1456
4068 -492 4866 4635 3100 -4296
-343 1674 1421 3621 -1384 4364
-50 -10 1724 1075 -2835 4008
18 -2696 -1754 -330 -393 -3611
-315 -1506 453 352 2996 -2342
1413 4257 1189 4994 3090 2429
-4243 -1920 960 -3486 -656 2999
-1822 4590 -3982 475 -465 -1782
-1438 -2470 3083 -2535 724 -1637
2219 2386 -401 -61 1485 -223
4993 -2190 -2364 -2016 1438 1824
26
2555 -2180 2162 763 2030 -3309
774 4095 2025 4520 2111 -2252
2331 27 1080 4581 -918 3463
2912 -2398 -2460 -2205 -1024 3291
-1763 -1446 -4662 1813 2578 1031
20 -4879 -4806 1257 -2421 1663
3713 -1097 212 3420 -3485 -2031
-1029 1246 1772 -1620 -4713 4009
-4329 1961 -1979 612 1049 -3505
2150 -1237 -899 4318 3332 -4981
-2801 -2271 1726 662 -239 -4377
-989 -690 -3417 -272 2507 -959
-3865 -480 -2907 335 -1746 -3683
508 1467 2677 2908 -331 1554
-2577 2878 -2115 -1155 -2662 1326
-2339 472 412 -2954 1485 3597
3393 -922 2370 700 -1411 -1444
2694 -64 3530 -2214 1246 -1155
643 1716 4486 -3903 753 1229
3530 -2165 -4007 -1456 297 2620
-1854 488 -2428 -334 -279 906
-1916 -1613 3813 -1422 3513 3039
-3677 2931 1811 -1540 -4793 -4110
-1548 1031 -2637 -1888 2242 -2107
4041 4527 1085 -3961 729 3749
407 -2363 3972 511 -1299 3660
43
-3128 2192 -1736 -2278 861 3910
-2415 -2282 2282 -3077 -2051 -2200
-2235 -726 -3568 -2762 -2137 -1634
-3194 1449 -1055 171 -4429 4450
2533 -1800 1210 -2129 717 680
-1486 1609 -3579 -2262 -3923 -4091
-3685 3435 2203 2724 3561 1366
-2403 4418 -3934 3042 -1481 -1116
-2862 971 -3534 -3111 -3183 2277
637 2326 -627 4750 -449 -1665
-4425 -1739 -2663 -3022 -1903 2782
159 897 815 -4678 -3804 2759
2415 1296 2296 425 -3063 504
-2840 -1476 22 3996 4373 -2606
-3826 -3822 2257 4412 1349 -3127
4478 1206 1493 -4472 -4460 -2326
-410 -1192 3453 2134 -470 -3488
1369 -2747 1903 -4642 -2502 -4491
-3629 -42 -3630 983 3742 -1598
-1799 -4295 -3549 4374 -3491 -1316
761 -1850 2506 -3162 3639 -2652
-1147 569 -2034 4516 3164 1369
4522 -2342 3221 -3661 1024 -1004
2920 -1593 1393 238 4530 3573
3592 4596 3146 -973 1157 4921
2314 4408 3212 4722 -766 -3836
2763 -3289 107 -3607 -3608 -3810
2459 -2280 1160 3964 4711 2004
-2435 -1677 -37 3889 -1797 -2053
3798 3459 -285 1591 2522 1502
490 -2417 118 -294 -2542 -2230
2501 -2464 -4765 -2964 1941 4189
1680 1655 1090 2099 3880 -3650
-388 -1548 3832 -1987 1044 -1146
-854 1505 669 -3153 -325 2374
-2007 -1675 -2533 -2958 -186 2040
-3119 -4382 -2775 2412 2826 229
1450 -1098 -2538 -2730 -787 1032
3061 4100 3058 464 -251 3249
953 4012 -1795 2930 -298 -604
1793 4773 -474 -1920 2697 927
-631 750 1728 3753 -290 2360
2408 -2856 1819 2805 594 1674
42
623 -4408 3182 2463 415 287
1005 4146 -3225 -3562 4193 -1667
2967 -3356 3383 -3075 -3117 364
-1431 65 -2551 -733 -2902 3895
-207 15 -3849 4930 4336 1962
4621 3270 -2785 2892 3737 2727
3089 -4921 -1003 -2561 3935 1153
4619 2946 4107 1938 2837 -886
4031 -1826 -789 -2310 829 -1548
-3319 1840 -4287 332 -4788 -2263
-2270 1151 -2682 3661 -3480 -240
345 2359 -3107 -1070 1662 1448
1584 -953 -2592 1106 3327 -1598
2121 -1411 1440 921 -1154 1531
-204 -4601 -1798 -4335 -2063 2496
1777 743 4029 2530 -1582 -4781
-1158 2923 -142 3610 -878 309
-2933 -925 -466 -314 2597 3483
-3449 4576 552 777 2542 -3360
-4366 3789 4035 -2727 653 1360
-3418 2126 3564 1145 1820 -2198
-2395 -2592 -4521 -211 -341 3097
4529 -3577 -1591 3676 -2230 128
-4310 -2690 -121 2943 -1311 -3506
1552 3540 -2951 1688 -3321 -50
-2111 4037 -57 483 -2696 1247
4727 -2487 880 -2009 251 -3627
-3481 4446 -3292 3335 3642 -3804
1432 -1749 -2111 -935 1816 -481
-1708 792 3939 3045 -3914 2344
924 1391 4870 -2986 -4979 1082
300 2783 -4978 -1176 2243 -4618
-1772 -1262 4360 1065 -2242 -73
2162 2646 -3936 -3777 -3131 2238
-2006 -2467 -34 2013 -1779 2208
-3686 -4166 2702 -3137 1640 3603
4617 -2538 880 -2570 -2121 -4927
-2500 -315 2561 -4329 803 1820
2262 -3213 1396 1487 -3921 77
1323 2047 1878 -3609 4794 3269
-4251 -1809 4992 -1069 2902 -2642
563 -1517 1558 543 464 781
26
623 -1510 4459 2058 -526 -3320
1081 1731 -1738 -794 1592 399
1882 4591 -4209 -1320 2509 1430
587 -4794 -4694 -3017 4723 3620
-2587 2232 2943 -2184 -4026 1970
-2763 3905 -3872 -3779 -2191 3911
2382 1919 -1847 -884 634 -15
-2928 3517 2188 -2132 -22 -2121
-3933 -2967 3962 -1479 -3341 628
-504 4711 988 1277 -1290 -1525
-1376 2824 1976 2696 1092 727
1963 -1976 2194 4423 -4568 1041
2092 786 -1498 1912 4664 883
-1686 -3791 -4864 1690 140 2182
-4778 -2842 -2463 -4322 -4127 -2194
-3716 936 -856 4790 501 2220
3544 -3778 1591 1843 358 -4420
-332 -1247 -549 -2914 251 -2623
-2439 3056 3660 1660 233 11
4854 852 2401 1100 -2655 -2834
-1396 -2113 3233 1428 1326 1212
-3833 -4674 -3662 1195 -2813 1294
2034 328 -1093 -294 4355 -2083
3824 842 717 973 -1341 3672
2789 10 -2826 -273 4723 918
4097 -2602 4132 -3999 -237 -4801
33
-362 -1947 2990 1205 -3304 -2730
893 -747 -3333 -1172 -3422 -2427
1892 2362 605 -2307 3326 -4605
-3450 528 533 4145 -4985 -1189
3748 -1886 -2712 -2414 -4642 4725
-1250 -826 4507 2278 3900 4363
-1730 -814 952 -4228 -822 -110
-193 335 -816 598 -2406 3602
2027 241 1511 2752 4645 -4011
-4166 1240 1628 4354 -4539 561
-803 -4363 -3747 516 -481 -4529
2385 -513 -1290 -3643 4361 858
48 -1834 -1268 -140 4927 -1687
943 -535 2325 1900 1900 -2781
1152 2518 18 -3354 3844 -1279
-2003 2843 -1978 -2879 -4653 75
-3569 864 -4194 -3133 379 -21
-4904 -3241 -2368 1211 -278 4478
-303 1118 3900 -4356 4555 -4595
1568 1269 -4542 -2368 -1786 1737
2637 512 4396 473 -1477 -1174
-709 4276 -1112 -3382 -597 -2603
446 3290 403 -2717 -2100 1813
4865 -3276 956 -1231 -3629 -875
-2305 -2308 17 -4577 1607 2860
-603 1903 4709 -1864 1597 3878
2771 3938 -3268 3569 -2440 236
2765 2388 1585 3252 4512 1100
-4543 -1562 563 4650 -3588 4160
1518 -2146 3912 1439 1323 3583
-2595 -2205 -233 2549 -93 2586
16 -1536 -1201 4502 967 -3169
3852 232 -3284 4486 3753 -2338
49
-1973 -13 -59 2460 -3721 4981
-576 4388 236 2773 4577 -1616
2317 -2930 4522 -2434 -732 3281
-2146 -3974 2723 3542 -4826 -2176
-2984 3019 -2784 4462 -3637 -2846
1376 -1605 4217 2371 3049 -1218
-4073 -1402 1391 -278 -1126 -513
4347 -163 556 1498 -852 4406
2064 3045 2008 3037 1054 -3833
887 -4758 3065 -2040 1904 -3622
-4177 1242 215 650 -2539 -4830
-3638 -4328 -160 -342 -2164 1386
-1361 1045 -1389 -4104 -2523 -769
1501 -4770 -2871 -2049 2880 -4045
1102 -2850 -3730 -2527 3007 -4420
368 1818 -1005 -2496 167 -2295
3763 -1579 -222 1511 -1076 -3001
3931 2049 1578 -2355 2526 3536
1784 2868 1988 1582 3604 1459
-1034 -83 2193 -569 2001 -3008
-1914 2327 -3704 -268 -171 3489
-774 -189 3337 -2236 3896 -3836
-2380 -1787 -3531 2044 1272 3244
3549 657 4915 -2107 -423 3165
-3502 -3784 -2225 -1780 1274 -3359
2265 4674 -1221 -843 -1337 3000
2793 -1184 -1686 -1595 231 3192
3012 4444 -2684 350 1885 1346
-2752 3625 960 1321 -2915 3555
-3429 2497 3123 1510 1632 -2892
3680 1459 -205 4616 -1250 3573
-2622 -4770 4905 2462 -4069 -1142
2091 -929 -224 -648 3351 -1090
2139 -2552 -3472 2404 1137 3889
-2517 -2739 -625 149 327 2231
-4162 -1617 -4116 4289 -2230 1396
2272 -647 -4318 -1209 4340 -2901
-162 3954 -3844 -2914 1734 1230
-709 -587 -466 3221 -1124 2591
4726 1541 -2354 -1472 872 -514
820 2595 -4037 -1588 -3432 -372
-4199 647 1784 -189 1781 1639
-1322 1252 -796 -3382 -3265 2326
-727 -2269 3185 -4182 -3496 -688
2462 -1178 2455 -4362 -2115 -4583
712 -1937 -453 3909 1501 4292
-3546 3296 -802 -4911 2281 -2056
1366 2516 2907 1862 -3187 -2665
1710 44 930 2468 1628 2028
26
1 -2 2 2 0 -1
2 2 1 -1 0 -2
0 2 -2 -2 -2 0
0 0 2 2 2 2
2 0 -2 0 -1 0
2 -2 -1 -1 1 1
-2 0 -1 2 0 2
1 1 1 -2 -1 -1
-1 0 -1 0 -1 2
-1 -1 -1 2 0 0
-2 1 1 1 1 -1
-2 0 2 -2 -1 -1
2 0 1 0 1 0
-2 -1 1 0 -2 1
0 -1 -2 1 -1 1
-2 0 2 -2 -2 -1
-2 1 1 2 -1 -1
2 -1 0 1 2 -2
1 -2 0 2 2 0
2 2 1 2 0 -1
-2 -2 2 -2 1 -2
0 1 -2 0 -2 -1
1 0 0 -2 2 -2
-2 1 1 0 0 0
-1 2 2 1 2 1
-1 2 0 -1 -1 -1
56
1 -2 -1 1 -2 0
-3 1 -3 -3 2 -2
0 -3 -3 4 0 4
-4 4 1 3 -1 -4
-2 -1 1 2 -1 1
-3 -4 -3 0 -4 4
-3 1 4 3 3 2
3 -3 3 4 2 -4
-3 2 1 -2 3 -4
4 0 1 -1 0 2
0 1 -3 2 4 -2
-1 0 1 4 -3 -1
4 1 -3 -1 1 0
-3 -3 -1 -2 2 4
1 -4 -1 -1 3 -3
0 2 1 -4 -2 3
1 3 4 4 -2 1
1 4 -3 4 0 2
2 1 2 2 0 3
-3 -1 -1 2 0 -3
1 -3 3 -1 1 1
-2 4 -4 4 0 4
-2 -1 4 -1 3 -3
2 -3 -1 -2 3 -2
1 -4 -3 4 4 -1
-4 3 1 1 1 4
-4 2 3 -3 -3 -1
3 -2 3 3 -1 0
-1 3 4 0 -4 -3
1 2 2 0 -1 3
-4 -2 -3 -1 3 -4
2 2 -4 -4 -1 1
3 -3 1 -4 -2 -4
3 -1 2 -3 0 -4
4 -3 -2 0 -2 4
-1 2 3 0 -3 2
-3 3 1 4 -1 -4
0 -3 2 0 2 -3
-4 0 -1 1 0 -1
0 1 0 0 4 0
1 1 1 -2 -2 -2
-2 -2 2 -4 -1 3
-1 -2 -2 3 -1 -3
2 -1 -2 4 -1 -3
-1 2 0 -3 2 2
0 -4 -3 -2 -1 -4
-3 -2 -1 -2 1 -2
2 4 2 -1 -4 2
3 4 2 1 1 1
-4 -4 2 -3 -3 4
2 0 2 -3 0 -1
-2 -1 -2 -4 -2 3
0 4 0 -3 3 2
-2 3 4 0 0 -4
1 4 0 4 1 -1
4 -4 1 3 -1 1
39
0 -3 -4 2 0 -1
4 -1 2 -1 -6 0
2 -1 2 2 -4 -5
1 0 4 0 -5 -2
4 3 2 1 -3 5
-2 0 2 3 -1 -6
-6 2 0 0 -2 -4
-4 -1 -3 4 -5 2
1 4 -6 -1 -2 -5
-6 -3 -1 5 -5 3
-2 4 -2 6 4 0
3 -5 6 -6 -1 2
1 -2 0 3 3 -1
6 4 6 4 -6 -2
-4 -1 -2 6 0 -4
6 1 6 -3 5 -5
3 -6 4 -3 -4 -5
-3 0 -6 -3 4 -3
-5 -5 -3 -3 -4 5
5 4 2 4 5 1
0 3 4 -4 -3 -5
1 -5 2 0 -5 5
-2 -3 -5 -6 -5 6
5 6 0 3 0 6
5 6 -6 6 0 -5
0 6 4 6 -4 -1
-3 -3 5 -5 4 -3
1 2 -4 6 0 6
5 5 -1 6 -3 -4
5 2 5 5 5 3
5 3 2 6 2 1
2 -4 2 -3 6 4
0 1 -1 -3 -3 1
4 -6 -3 -4 -4 0
-3 3 2 1 -3 -3
1 6 -2 -2 -2 -5
-2 6 5 -1 6 -1
6 -6 4 -3 2 2
6 -5 2 6 -3 -2
60
3 -5 3 -5 -4 -5
-6 -8 3 -3 -1 8
-1 1 -3 0 -7 5
0 5 3 1 2 -4
2 -1 7 4 8 1
5 -5 -2 -8 -6 -1
5 -8 4 -7 -4 -3
-7 -2 -5 -7 -2 -3
7 -7 -2 8 -4 -1
-2 5 -4 6 6 -1
8 -8 -2 7 8 2
-1 3 0 0 3 -4
8 -8 -6 -2 -7 -1
-7 -7 -7 -8 -3 -6
-5 -2 -7 7 2 -2
5 -1 3 8 4 4
1 -2 0 3 -4 -5
7 5 -4 -1 -5 -5
3 2 3 3 -1 -6
-8 2 -2 3 6 -6
3 -5 -6 -4 2 -8
7 1 3 3 3 -4
-4 -8 -8 -2 -4 -1
8 4 5 6 6 4
-7 1 6 -6 5 -2
-1 -1 -5 5 7 5
-5 0 -5 5 6 1
4 7 -3 1 3 -3
-1 -1 0 1 -4 5
8 2 4 -4 -1 3
-2 5 3 7 2 -6
6 -8 -4 -7 -1 2
2 0 3 8 -2 -4
-1 3 2 4 -7 1
-5 0 -5 -1 0 -2
8 2 5 -7 -7 -3
1 6 4 3 -5 -4
-7 0 5 5 8 3
0 -2 8 -4 4 1
-8 -1 -2 0 -6 -3
-3 -2 -5 1 -2 1
-1 5 -6 -1 2 4
-3 -2 3 4 -7 0
6 5 -8 -8 -6 1
-4 4 -2 -3 -8 4
7 -6 0 7 4 -6
-3 -5 -5 1 6 4
-2 8 7 5 -2 -6
-4 3 7 -6 7 -5
-2 3 -5 4 1 8
-1 3 -6 7 6 -4
6 0 -2 -5 2 -1
-6 5 1 3 -6 -2
5 4 4 7 -3 -7
-6 -1 8 -5 -7 -3
0 -3 0 -8 0 -7
4 -8 -7 2 7 -8
4 -5 1 5 -2 0
6 1 -5 -8 5 1
8 -7 -3 1 3 8
29
-2 -4 6 4 -1 5
7 9 10 0 1 -8
-6 7 -6 -2 8 9
1 -8 -10 -7 -8 -9
-9 9 -4 -2 -2 6
3 0 0 4 -6 -4
-5 1 0 -8 1 -10
1 0 -5 2 -7 -5
-8 5 -2 -6 2 2
9 -10 1 2 -4 -7
3 -6 0 -8 5 9
-2 0 -4 10 4 -9
0 7 1 -5 7 6
-3 -8 -2 7 -1 5
4 6 -7 4 4 4
1 -4 -9 4 -9 4
0 -6 -1 5 4 1
-7 -6 3 2 -4 -9
-9 -3 -4 8 -2 -9
5 8 5 -2 -7 6
-6 9 1 10 -3 5
-6 8 3 5 -8 5
-4 -2 -8 9 -2 -7
9 1 -4 7 -7 9
8 5 9 -4 2 -10
7 9 -3 -2 9 1
3 -3 3 -9 10 8
-5 0 9 9 0 -9
9 0 -2 -9 6 9
26
2 6 -2 9 2 12
-11 -10 -3 -6 11 -6
5 1 4 9 -10 -7
12 -6 -9 -8 -6 9
6 4 -2 -2 6 -3
-3 3 2 8 6 5
-3 -6 -2 2 -10 5
1 -10 1 1 -7 12
6 0 1 -9 7 -8
3 -1 -3 0 10 3
-8 -12 -11 3 7 -1
-12 10 -7 5 -4 -6
2 -3 -10 -9 -2 5
9 -9 4 0 -2 2
-10 -1 8 -10 1 3
-2 8 11 -6 -2 -11
3 -3 -10 0 -3 5
12 6 -6 3 8 -11
-11 -1 -5 -10 -2 -2
11 4 0 -9 4 -6
7 -7 10 0 8 -12
-12 6 5 3 1 5
-12 6 -1 -8 -7 0
-11 -5 -12 5 0 -7
-12 -7 8 -1 -6 12
4 -7 -9 8 11 4
25
1 -2 -14 8 -12 -3
12 13 7 -2 -8 -6
7 -8 4 7 10 13
11 3 4 -2 -8 13
-2 10 1 -14 -9 8
1 -14 -5 5 -14 5
5 4 -12 12 7 7
-11 -11 0 5 -9 0
1 8 -1 -10 13 8
2 4 6 -14 4 9
-10 10 -8 -4 10 4
14 11 13 5 -6 4
-8 -3 7 -3 -3 3
4 7 -1 -9 -2 13
2 2 -14 10 -12 -6
10 13 2 10 -7 3
8 14 6 4 9 1
12 9 -11 -9 -11 -12
14 14 9 7 2 -5
1 -3 -7 6 9 11
8 11 -7 -5 -9 -8
8 -5 -8 -1 -14 4
-1 14 -11 -11 12 4
3 -10 -10 -13 1 -6
-9 -4 -4 -2 2 -6
33
16 7 15 5 -7 16
-10 9 2 2 8 0
-2 -9 15 0 -3 8
9 6 5 -12 13 -16
1 4 -2 -16 11 -6
-6 -4 14 4 5 -16
-13 -7 -2 0 -12 2
-2 14 12 -10 16 -9
4 0 -2 -16 -9 4
-9 -5 -12 -10 13 4
-12 -4 14 3 10 0
-1 1 -9 -11 9 8
-1 0 13 1 -8 16
-1 11 -3 3 -6 7
-16 3 10 10 3 4
-12 -13 12 -1 -9 -4
-8 -16 16 4 12 -5
-13 -3 -9 15 2 4
4 7 9 -13 15 -15
8 11 9 -12 -1 -16
-4 -12 -16 -8 -15 13
8 8 -13 6 4 -11
11 -10 14 9 4 -4
8 -11 -3 11 8 -13
-16 7 14 0 -1 -5
-12 5 2 11 -16 9
16 -10 -8 3 0 -6
-12 -7 -14 -6 -1 14
9 0 16 12 13 11
-8 9 -2 8 -14 5
4 -16 1 -7 -7 -7
-4 15 12 15 -11 -8
-9 9 7 4 -4 10
54
5 3 -15 17 7 0
8 -18 -5 16 -18 14
-6 14 11 4 -12 3
-7 15 -5 -7 8 6
15 16 0 2 -18 -9
16 12 -4 -9 7 -12
5 -5 -12 -16 7 -11
-1 -9 15 -4 -3 -1
-2 -10 -6 16 -11 -12
-3 2 -5 3 5 8
-13 -7 6 9 -5 -7
10 13 7 4 3 -4
1 18 -7 6 6 -4
-11 10 -2 12 15 16
12 0 14 6 13 -2
-18 0 -13 -2 10 -11
-16 -13 0 -14 3 9
17 -8 8 -14 13 -18
-10 -3 8 -11 8 12
-18 -4 -6 -15 -5 -5
4 -5 0 13 -1 14
2 6 -6 15 7 8
8 12 -9 -16 -2 7
-8 7 1 10 1 -5
14 -16 10 14 5 -13
-5 -9 -4 5 1 8
-8 -17 17 14 2 6
-13 9 -2 -15 -14 3
8 -9 -15 6 -18 3
-4 -12 7 14 -4 -15
-10 -2 7 11 0 17
3 -16 6 1 -17 -8
-7 -15 12 -10 -17 3
0 -10 -13 15 -8 -4
12 -8 17 -1 5 -13
-11 18 -1 10 0 -16
7 10 -14 -6 -9 -16
-12 -4 -7 14 -7 16
5 -12 9 -18 11 12
-11 9 -12 -1 -3 4
10 18 -17 -15 -11 -16
-1 0 10 16 9 7
13 -3 12 -12 16 -16
-15 -13 -3 3 -1 11
-7 16 16 -10 -18 15
3 -5 -5 11 -7 -4
16 -18 -8 18 12 -16
-3 -11 14 18 -5 4
14 -18 -7 4 18 11
-17 -3 1 6 -12 -2
-16 -15 -18 -8 -10 3
12 -9 -9 -15 -11 -13
-3 -13 11 -3 -18 8
2 -1 -8 11 10 7
50
-17 -20 -5 -19 -3 15
5 -4 10 -1 0 12
-5 -12 8 14 -15 9
6 -15 -13 12 15 -2
-7 4 -14 -18 -1 18
-4 20 -10 -20 -20 -9
12 13 9 5 -5 -16
15 -4 -16 -13 -17 10
-1 -15 -18 6 12 -5
8 16 17 9 12 -7
16 -14 -11 -9 -8 16
-4 20 -18 -5 -19 7
18 -19 -2 7 -17 -13
-3 11 -10 2 14 13
-12 16 10 5 15 -15
-15 -16 19 14 -12 8
-5 -18 -3 -15 -9 3
-8 -10 18 18 19 19
16 -8 17 -20 13 -13
-7 20 1 4 -15 13
-2 -4 -1 19 -20 -18
-1 -15 16 19 19 13
15 14 10 -2 -12 0
-2 -20 9 -14 -7 -3
4 3 -6 -5 -19 20
9 7 3 -17 -20 -16
8 16 -4 -15 -14 -15
-5 19 0 18 18 -1
16 -11 -20 -13 19 -15
6 16 10 9 14 8
-6 -3 -12 18 13 10
10 0 10 4 -2 -2
-16 1 -15 -13 13 1
10 11 -15 17 -18 3
17 17 20 -17 3 12
-3 -5 6 1 1 -11
-14 -10 -18 0 20 2
-4 10 -3 18 -5 3
13 -15 5 -15 7 -18
16 -2 -6 -18 16 12
9 -1 11 -7 -17 -3
-12 11 -9 12 -14 -16
4 2 -2 10 -10 -1
-15 -16 -18 -5 6 -18
-1 -10 -17 17 -19 -17
16 20 -6 16 -17 4
-8 7 12 -19 -13 -7
-5 18 10 -9 -15 2
-16 18 9 11 12 19
1 7 20 -12 0 -12
50
-2 -9 -17 21 -3 9
16 -5 -22 -6 20 11
-10 -22 -8 -8 -2 5
-3 -21 -9 14 -17 -11
16 -18 9 7 -13 7
13 -4 21 -9 5 -9
-7 6 2 -15 -20 -9
5 -3 10 -21 9 -14
20 9 16 14 -8 17
-2 -20 15 21 16 20
1 4 20 -6 2 11
-17 16 -12 13 -15 0
19 -18 2 22 20 3
-16 -3 1 -18 -7 -11
7 15 16 12 -17 -13
7 5 -4 11 1 8
-15 0 -18 19 15 6
19 18 -10 -9 12 6
18 -8 4 -20 -8 -19
0 1 12 -4 16 9
8 -14 -8 -18 -17 12
-14 7 -17 22 3 19
-20 -19 14 -8 -10 15
-9 12 0 -8 -8 -18
11 -10 5 18 20 17
-22 -18 4 6 -22 16
-15 11 13 -19 16 2
-9 5 -16 9 -21 18
-22 -2 13 -17 21 -21
0 22 14 -4 -7 -10
14 -18 4 -3 18 11
-7 -21 -22 -20 17 -7
-10 -15 1 7 -19 16
-4 -17 19 5 -20 5
16 -14 -7 -2 -15 2
-1 -21 16 13 -5 -17
1 -11 20 -5 17 6
-16 -12 5 -4 10 -2
-16 13 -10 -4 -3 -8
4 -18 5 1 11 0
1 7 -9 2 -22 17
9 -22 18 7 12 -3
-7 20 -7 15 22 11
-14 8 16 -6 8 16
14 -5 -4 3 -10 -5
-9 13 -6 0 -10 13
19 -7 -20 21 19 -12
3 22 -16 9 17 -21
-18 -15 -15 -8 -8 -12
-8 -10 -9 1 15 16
42
0 9 -20 13 -12 18
-20 16 1 -11 11 17
9 19 8 23 2 -19
-11 24 6 -6 -16 13
7 23 0 24 6 -13
6 -10 4 -18 3 0
20 -4 13 22 19 -4
2 10 12 14 -4 21
-23 16 8 8 -18 -8
22 14 -14 -18 0 17
-14 -2 1 19 2 -8
21 1 15 7 -9 8
-8 -9 6 1 4 15
-20 6 -8 -10 19 11
16 22 -5 24 17 14
-3 8 -21 6 4 -20
-21 11 16 -9 -1 0
12 -3 3 -1 -17 15
-6 16 8 -14 -4 -22
13 24 18 8 1 8
-10 10 -16 8 -8 -2
4 -4 14 -12 -21 7
-9 17 24 -5 -15 -7
-22 -22 5 -21 13 -19
6 14 12 -1 -10 14
-14 2 16 -5 -10 -2
-9 -15 3 17 8 -19
14 1 -4 3 5 -10
24 -5 20 -2 14 -5
-13 22 -17 22 15 -11
-12 -15 -23 -2 1 -3
22 24 -6 7 -1 -24
-8 -14 11 9 23 0
-23 -3 9 -7 2 0
-21 -4 -20 9 7 0
-23 24 11 -16 -14 16
-9 -16 -9 8 -11 -12
-18 -1 -8 3 4 21
0 -9 -4 -10 -24 2
-5 2 0 9 16 -6
20 19 -2 -5 11 3
-15 6 -12 -5 -15 0
55
-7 23 22 8 20 -26
26 -1 -23 19 11 12
-9 19 24 -7 -24 19
20 13 6 5 -4 -9
26 3 8 -8 18 11
26 -18 -19 -22 -12 15
-1 0 -7 -4 21 -5
-13 21 26 7 5 -19
18 10 0 21 -20 -18
11 -26 21 -21 -5 24
-23 17 19 19 -13 8
-8 -22 24 13 -9 -2
22 -1 -19 19 24 14
16 8 19 -12 -22 -26
-25 -10 -24 -7 6 13
14 6 -10 -5 -9 15
9 -3 0 -5 14 -22
5 25 -7 18 -23 25
-25 10 3 -3 -10 -19
12 -18 15 24 -25 -5
-9 4 5 -20 24 12
-22 -3 13 -9 -3 25
9 -2 -15 -20 -4 -8
-14 -11 2 10 -7 21
18 17 -21 -5 -2 -18
-4 -18 8 -5 10 20
-17 9 -13 11 24 -11
2 -13 -24 16 -4 -17
24 25 13 -17 6 -21
6 18 -19 18 9 19
15 12 -21 15 -4 -12
-19 24 20 -15 20 -9
-1 25 -15 -22 16 -21
2 -11 -1 -5 14 -9
7 18 11 -1 -21 25
4 -26 -18 -15 -11 17
-5 3 22 -16 -1 5
25 -19 9 -19 2 -6
-12 -15 5 20 20 -2
7 -23 1 -20 0 -26
20 11 -2 -24 11 25
3 -8 12 -23 25 4
-9 6 -24 19 20 8
16 -11 17 0 17 -26
2 11 0 -23 17 3
4 23 -20 2 -10 17
-11 -2 -23 -21 -15 7
15 -23 25 11 -8 -10
-11 15 3 -3 -18 -4
-10 -19 -9 -6 -24 18
17 -23 -4 -12 16 3
-9 -19 -5 16 13 18
11 -25 -1 23 -9 -6
-6 23 5 -25 -11 18
-9 -21 21 -15 -7 12
16
-16 12 6 14 26 1
4 -8 18 17 17 1
7 -19 -17 -13 -27 12
-8 -28 -10 10 -7 -20
4 -14 11 -25 -3 -26
-13 -17 9 27 -25 19
1 -24 22 -20 -25 -10
-23 18 -6 1 22 23
-9 27 -10 0 24 12
5 4 15 19 16 4
10 -18 0 -10 22 -20
1 -9 22 -21 -16 6
18 16 2 11 22 12
9 1 -14 -12 -22 -22
26 3 15 -15 2 -25
4 1 -27 22 -7 -19
53
7 -25 -8 -13 2 5
25 17 1 -30 28 12
14 5 -14 -13 -9 13
19 12 4 19 -17 -27
17 -12 0 -29 14 -21
0 -28 -10 -14 16 23
26 -26 1 3 9 18
6 0 19 -16 -14 5
16 10 9 16 -21 -24
13 8 -29 27 -14 -25
15 20 -13 -24 -30 9
6 29 -27 -29 4 -4
-7 -27 15 -17 18 24
11 25 -28 20 -3 11
21 30 -2 -5 -4 -18
18 27 -29 12 -23 16
4 18 -18 20 -29 29
22 -14 -20 -13 2 30
15 -8 19 8 -11 -22
21 3 7 25 4 -17
-22 -16 1 8 -14 24
14 21 -14 -26 16 -10
-13 -20 -2 5 -30 -8
2 29 10 -28 24 -20
4 24 -10 28 14 -9
-28 15 -21 -20 5 22
-9 3 -7 -2 24 -28
10 20 -29 -7 20 28
19 10 -3 20 5 3
-17 16 -23 -27 -13 -23
-20 -19 15 24 17 11
-22 -16 0 -10 23 -12
-22 2 -27 -14 10 20
21 -28 -4 5 -14 -17
8 -7 24 22 26 30
-25 -11 19 -2 -12 23
-9 13 -13 16 17 0
-5 7 -11 -19 -11 4
-9 -13 16 7 17 -23
-6 -21 23 -24 -18 2
27 -27 -1 -8 16 -5
15 -3 -18 3 -22 -3
-12 12 -22 -23 9 -15
-14 2 -2 -4 6 15
21 23 19 -21 1 0
-25 -8 30 3 -15 18
-12 -26 -8 4 -10 -8
-11 -17 15 28 10 -20
18 12 -22 -20 -28 7
-12 23 16 -9 -28 -24
8 -2 10 -27 4 12
7 17 -24 10 -21 18
16 -11 -5 -18 -25 16
16
32 30 -20 5 -12 -10
-13 30 -12 22 8 6
5 -19 29 -29 -27 -9
-30 13 -5 -7 -9 7
8 -9 31 -27 -17 14
-15 18 -20 -25 -8 -22
-3 -32 29 25 -5 -24
-18 -28 -27 11 6 16
14 -29 -7 -18 25 -5
29 9 -32 20 1 14
-25 23 1 -2 -20 -30
-25 -16 21 17 25 21
-8 20 -5 30 7 -1
17 0 -7 20 -4 -31
31 -27 -21 -25 6 28
6 14 -19 -16 -32 7
39
22 -8 27 20 11 13
14 14 -13 -31 11 -21
33 24 -2 -26 13 -24
30 -2 -25 -32 -11 33
-29 34 -18 -5 -26 21
7 -11 -20 -13 26 -25
-30 21 13 -23 -7 0
-9 -19 30 -4 -8 26
10 -9 21 29 33 -15
-27 -3 30 33 27 -12
0 31 -12 10 -19 -24
-23 -1 5 -14 15 -28
5 -34 -25 8 -29 -21
-2 14 -22 -21 16 5
5 25 -12 -14 22 -5
-14 14 -33 24 -17 -9
-25 -15 23 21 3 -10
-29 -11 32 0 -26 -20
5 21 12 21 -8 -15
-9 24 30 -31 -6 -29
12 -25 -15 7 24 -26
-21 -30 -22 33 12 5
2 3 -12 16 23 18
-5 34 -23 25 -7 -17
1 15 -26 19 -33 27
-33 21 -9 6 1 -13
12 10 -10 -21 26 -6
-22 -16 33 -16 13 7
14 13 -2 2 -1 -17
-11 -23 7 10 -8 -22
-30 -22 -7 2 -18 15
12 17 32 -17 -20 21
27 -19 -5 9 34 8
-31 -29 -12 -22 -26 -3
-9 5 12 -21 8 -8
-1 15 -25 23 -1 -6
-24 29 10 28 25 -4
-4 9 -30 -16 0 29
8 19 -24 12 28 7
47
14 -21 29 0 10 34
-2 -1 -18 25 -20 23
-10 -22 -2 -7 19 13
33 -16 -15 -26 29 15
-28 -1 -1 -7 -8 31
15 -9 -30 28 -2 36
-26 -10 35 -16 29 9
-6 -18 0 -15 -28 32
-1 -8 3 -36 31 -29
5 5 13 -35 -7 -34
-2 5 24 22 -12 14
-8 29 7 11 33 5
11 -33 -25 -17 10 1
-5 0 -5 -25 23 4
-25 -12 0 4 -27 -9
16 1 -18 27 -28 -14
-16 -28 -32 27 -8 -26
-18 -17 -9 -31 -32 -3
-31 -9 8 -10 17 -21
19 32 -5 2 -2 -30
32 -20 -2 7 15 28
21 -35 7 0 -33 -21
-28 -1 33 29 25 -34
16 -27 33 -26 27 -9
4 13 -34 7 34 10
-29 -10 -13 -26 -29 21
-27 27 -19 3 26 20
6 27 14 21 -15 14
-4 16 -30 -32 -33 -4
-10 19 24 -29 -24 0
-31 3 13 -32 -13 -16
8 2 21 18 34 -6
-18 -14 -31 -15 -25 4
-8 -18 16 -5 8 25
19 4 2 12 20 25
16 8 8 19 -21 -25
-31 18 -11 -28 11 28
11 -16 -20 -18 -24 -18
29 20 24 -3 8 26
-14 -34 17 -2 -9 0
-34 30 35 -24 -2 30
-9 -23 3 -13 -18 31
-25 26 -22 -30 -10 -11
-33 14 32 -18 -34 -13
36 -10 14 0 -11 4
33 22 -12 10 -4 15
4 31 24 17 35 33
35
5 37 -5 -38 -38 -33
-16 -32 7 27 -15 29
24 -23 -19 -21 5 9
-33 35 -30 -22 15 26
28 -2 30 -30 -17 -9
-13 -30 17 5 -35 -11
23 -6 17 26 15 23
-37 11 29 -27 1 12
37 -3 -7 -15 20 26
16 -28 -33 24 8 28
-15 19 36 2 27 -37
-11 -29 14 35 -17 24
22 22 -6 -38 1 22
17 32 -18 7 13 -17
5 4 -32 22 27 34
30 -10 -35 -8 17 26
27 20 17 21 0 30
-17 23 -32 7 -30 24
28 -29 18 -27 -38 -9
13 5 33 -11 12 9
25 -3 33 10 17 27
35 -14 -38 33 20 32
9 -1 -29 32 33 -16
2 23 34 5 -17 30
12 -28 0 -7 -16 -9
27 -26 32 4 31 -34
19 -12 25 5 -18 -11
-9 -38 1 14 4 -10
-38 25 -38 6 -28 -32
23 -2 -13 38 -4 -32
-20 22 8 26 -37 -31
-25 -27 -24 5 -18 28
1 2 14 -10 -2 33
4 -30 -13 -36 2 -25
-34 -30 -28 6 -6 30
7
-4 -3 -1 1139 3980 -2048
-5 6 7 -3832 2059 -2916
10 -4 -7 -3502 4622 -790
3 9 -1 4316 -1998 1154
6 -8 4 -4713 3254 -1642
-4 8 -1 -4999 600 4209
-5 -7 8 1550 4091 2691
24
7 -18 -1 -1707 -3923 -535
9 2 3 -2616 -1820 1376
7 10 2 2529 3501 2832
10 10 4 -2093 -3042 2789
16 19 -14 -2786 851 1895
-9 -1 6 -2619 1744 2306
-6 19 17 -1723 -591 1273
-20 20 -15 169 -2320 -1884
-16 15 5 -3220 -3376 -256
4 17 -17 -3393 2914 -425
-6 -1 17 2710 1520 946
-10 -5 18 -2216 -556 -824
-13 -19 -3 502 198 -3347
-7 -18 11 991 1350 -171
-12 17 -16 3741 -2692 -866
-5 7 10 -392 -3899 1666
-14 10 19 -3417 2261 -2399
-3 13 -2 2098 3418 -1381
-16 18 3 1180 3773 635
-2 -5 -12 1188 -709 1743
-17 20 20 1249 -3394 812
1 -16 14 -3916 270 -739
1 7 -7 798 667 -16
16 -19 -16 519 -203 3125
6
2 -13 -7 -180 918 -1881
-23 -8 -17 2415 -2895 272
13 -20 -7 -260 526 -2218
8 -7 -13 2269 887 1083
19 14 -13 -1276 -2590 2162
-20 -15 -12 2538 1262 -2795
4
40 0 -17 875 1311 646
19 -31 27 1571 -1082 699
-10 16 10 -326 1228 -1720
11 35 -38 1158 1737 1017
23
42 -32 4 -915 939 274
48 -24 47 392 -122 -560
34 0 -17 -890 -273 983
43 47 12 909 97 -863
-45 30 1 319 473 -733
20 -48 -9 -32 -530 -834
10 49 -24 826 -220 -874
-10 -33 35 532 438 -463
-1 -42 -15 140 53 204
43 -8 22 35 108 958
42 -30 -17 773 151 323
-27 16 3 -843 503 -718
45 47 -33 -328 106 -58
-20 37 29 150 -893 -652
38 -23 -9 -308 -645 783
37 -24 -30 247 255 -475
-6 -17 -41 802 748 -829
-1 -6 28 990 213 -503
8 40 -17 146 226 175
46 5 -2 -536 748 639
8 -32 -34 -265 582 -681
35 50 -7 -779 765 816
-45 -50 -39 -945 -561 212
18
644 -21 -733 23 46 -39
946 631 -648 25 -50 -43
88 6 -150 -40 35 26
-964 628 976 23 25 37
-291 -689 -23 -42 -3 41
-143 89 -143 36 -30 7
-380 55 462 -36 -44 -29
493 980 -671 25 -40 -5
-35 731 306 44 35 -23
-941 -221 256 -27 -27 -4
952 -205 -926 32 -26 20
527 -665 690 -36 -20 -24
946 218 968 17 -38 -4
776 -273 201 -46 31 -29
145 544 795 -8 -16 26
-811 265 797 -19 42 48
950 103 -409 -43 7 -49
-360 660 204 -32 3 3
5
218 1825 260 -5 0 5
370 624 -1625 -2 -7 -18
-1362 -25 -23 -11 -28 30
-1379 -679 -97 11 -38 27
231 947 -348 25 -16 23
5
-1408 -2130 -2331 -5 21 23
-2851 -1509 116 -18 -21 1
232 -1165 2747 -23 1 29
-2269 1790 -2094 -30 19 -28
2338 2111 -750 14 20 26
17
3866 -3612 -2774 10 -16 -16
2650 -1156 -207 -1 5 20
983 -1824 927 17 -11 14
-348 2904 421 9 6 4
378 -96 -1223 19 -13 14
-1832 -3458 -2986 -7 -8 12
-140 -1002 3549 12 14 -5
1649 3295 -3316 2 -7 -10
-2526 1306 647 20 3 -4
1113 672 -2606 19 -5 -8
3319 -3065 -256 7 -7 -14
-3733 -1951 -2567 -16 18 1
3730 2643 1264 9 -6 3
-3566 -2727 2753 11 -10 11
-3332 -729 -2109 -11 -16 -6
1831 -3047 -2740 -9 11 11
2936 126 -1292 8 17 18
21
2076 -2120 3099 3 -5 -5
1185 4312 4045 3 2 -3
3445 -4805 627 -9 7 1
-1399 4493 -3471 -7 -6 -1
-920 -1983 4304 5 -8 -8
-3668 3722 2563 3 -7 8
2112 2431 663 1 -10 4
3347 3282 3230 -2 -4 -4
1071 -1989 -290 -8 8 5
3778 4174 4515 -6 4 0
-598 -4830 1604 -9 -5 8
-2665 -1935 -1812 8 7 7
-547 4112 807 -7 2 0
8 -3486 -2904 6 10 -3
-2584 -3322 -1473 7 -5 -4
1396 -2102 -1724 -8 -7 -2
747 -256 2828 -7 -9 10
1107 -4765 -386 10 -9 7
2267 -1879 3827 -1 -2 6
-3763 3228 2176 9 -9 1
-784 4151 -550 6 6 4
8
-3812 -1657 77 1534 -136 -1724
1721 -3860 3755 2250 -3099 -715
-69 -157 -1404 2619 1753 -2932
405 1837 -468 1982 -3649 2536
2137 -877 -945 1283 -724 1127
51 -3059 -2718 -2438 595 -1237
-3246 3696 937 -1091 1923 3416
-787 -1484 -2878 1838 1497 -1544
9
-3460 -3817 -4248 39 188 -221
-3382 -3449 -2685 168 11 -36
-7 271 -3152 -99 394 348
-1028 -3251 3716 -179 -43 153
2113 121 -3968 20 332 63
4009 3 2513 178 12 238
-2139 -1984 3630 -151 -90 -328
2653 -3100 -3986 -21 -26 168
-2948 -1728 -3305 -198 -46 290
10
-4300 184 1086 1425 -1449 -381
-4598 -3320 -3113 2289 -2799 2820
3980 -2967 1448 2753 2914 104
2762 -1690 1878 -245 -194 274
4233 139 1322 2124 -437 2518
1033 -2312 4241 -610 940 -987
-2181 -1266 -2332 -1184 -742 2577
3962 625 2500 -554 -1348 1903
261 -1202 440 247 -177 1240
95 -1403 -2033 1858 -2989 -973
18
154 -42 -60 -4497 -1942 -156
-333 325 150 -2514 2420 932
-273 -250 -136 4875 -301 -4884
-206 208 -45 -1594 472 -2379
-82 206 -269 7 622 956
210 -174 132 2937 -4179 3996
-57 40 83 3990 4861 -693
-202 164 -264 -3065 -29 1139
-8 319 -57 4496 -3412 4544
-192 -197 56 632 -2330 2796
211 299 153 4390 1457 -2019
-79 -71 -60 -3176 -3172 -3442
-2 44 -266 2707 2122 -3238
-182 201 106 -3470 3032 -2779
105 58 29 -4344 1327 -575
-267 -361 75 -2353 -2081 -798
-309 52 2 2532 -4644 3480
5 -229 -177 -3825 -4642 -4566
12
-1468 -3574 -1367 -1192 275 299
-1912 -400 903 483 1559 1456
859 -308 -3073 1096 -1049 435
-975 -540 757 -236 533 -1576
546 884 -2867 -253 999 -1562
946 1836 2424 -289 -917 -1105
-308 521 -650 -1226 1453 228
-2651 -923 1748 1050 -1140 834
2276 2594 401 402 1463 -1160
-1498 1903 -1243 1149 -328 1197
2771 -2747 -1846 -1336 1349 -48
-3307 -1337 -2965 -1295 -840 1284
5
-102 88 -51 -221 -800 -587
-81 29 104 -759 69 285
90 -17 -97 24 -198 1005
-39 -92 -49 -246 367 656
78 -28 -17 89 1105 -1049
4
-279 56 -438 317 525 -346
-444 236 78 -170 -20 -475
-448 453 -22 179 454 -38
343 -82 -354 47 -40 -98
20
-812 116 -971 1336 921 -4874
-545 -767 539 2260 1517 3486
23 -953 -421 -571 -2391 3180
1035 565 -832 -4213 -730 -700
315 262 705 -2901 4875 -3606
881 443 -765 -4540 -2271 -1349
-290 836 292 -1654 4391 -1878
846 -923 835 -4827 -1529 -4988
346 778 971 1204 4978 -2493
-1013 -120 128 -1813 -1835 -4771
744 -736 -947 4030 -4576 -2033
183 1011 68 4828 239 -2188
333 576 909 2922 -1502 3136
950 579 532 965 2187 -4254
-671 -840 -480 -3315 -4627 -4762
-974 762 -549 24 2918 3038
-311 46 309 3390 -2105 3150
-72 1015 -924 -1561 -243 432
149 736 -821 3383 -4677 -4601
889 825 505 3580 4868 -509
27
29 832 150 571 -780 -354
-529 -538 -972 -472 688 663
-828 -555 -140 -646 101 157
425 -460 -249 -541 414 -749
-796 116 245 226 -673 -686
-762 496 470 520 641 -480
110 -380 3 -935 86 -689
-647 198 -345 43 531 543
946 226 -2 737 890 764
-473 -223 -658 393 -54 369
265 -452 -879 48 -641 -90
314 -608 461 -587 -116 408
1019 361 -514 180 693 -526
804 744 -314 -608 669 226
-1017 1 624 -180 939 683
-15 853 248 -776 336 -142
1083 -751 -804 283 -925 573
-363 685 759 181 154 112
-979 1069 -86 644 267 -17
-815 609 852 680 -117 691
-1009 465 -698 526 284 -501
-635 -847 881 546 -697 -279
657 763 311 -686 544 -227
-879 498 -642 346 -151 -306
1064 499 -77 392 -824 -930
-627 -853 -748 3 -453 378
-978 850 -112 -774 460 467
27
-2413 -1083 2564 -280 -93 -1212
2576 4444 -4768 1740 -1423 1438
3526 1428 -3093 294 35 224
1093 -2036 4533 1558 -442 -1710
-3567 2395 -4531 1627 -1009 -603
3628 -1314 -1437 522 -1136 -1717
-4508 71 3866 -1839 1231 -654
2245 -1243 4290 -143 1190 -953
1114 2377 -825 -868 -1746 939
-3883 4775 3145 1356 812 1368
-1450 4548 -1523 117 -637 2085
-3940 3236 1225 -59 665 1354
-244 -3776 -3794 175 600 -558
-1727 -2040 -3530 1005 -862 376
1310 -2967 2479 -1235 1886 -726
-2603 3398 1066 937 -501 281
-3133 193 194 -457 1468 -1275
3722 2986 -3940 -1028 -336 1833
-2477 -3315 -1855 -362 111 -209
1739 333 -115 52 1431 496
-937 627 -1859 1198 1956 646
-1952 2756 1953 1799 -1300 -988
1255 114 -3826 -1160 432 -913
-3795 -4630 1396 1400 556 -465
-4800 -2886 -975 1839 -105 -1702
654 737 2165 -1339 -965 -1379
3532 -1042 -1783 930 1596 -742
100
-2863 2928 -3173 -2032 -2079 1349
2098 -3112 -2183 -573 1315 453
638 -2572 1329 -1271 -1226 957
1098 -1959 -2627 1974 -1857 323
-2220 -2182 2197 480 -1158 400
-1664 2577 -1086 1861 764 -722
2609 -857 143 -1619 -388 1152
-452 -1682 -595 -864 1770 1976
1890 1565 1068 1625 -1623 -1236
165 717 2383 2099 -1879 -1133
-1961 -2586 2610 -2214 1917 -464
3232 -1319 1945 1174 -2226 1079
471 -2293 -337 -1393 1551 -2163
-477 -206 784 -1369 -786 1511
2069 -2571 -1805 616 563 -1765
895 -2895 1237 -1983 1702 1072
-2501 1969 241 1131 -2036 -850
759 72 3099 1556 179 1688
-89 1376 -3222 -1330 1444 -1634
-2861 -841 -2156 -1400 957 -583
2361 2030 -928 -2245 379 -866
390 288 -156 -1190 -486 -773
536 -1246 2662 2238 833 -1646
-644 -2131 3011 -584 1471 -548
-1448 142 -1874 -289 -1764 2081
2346 -828 1838 -1117 -1116 992
2412 -657 874 1058 -965 -1470
941 1863 -1748 2011 1840 -250
2548 1164 -843 475 -1862 1351
-2283 2514 1946 -2035 2006 -1517
2747 2950 -1223 -1227 -1059 -316
1410 3164 2122 444 -952 1426
-1226 2523 -1851 -930 2237 -1539
2177 1612 -1152 -1708 383 804
66 -1482 -2127 -436 -206 1783
-794 389 -2304 -1629 956 -1779
-2799 -197 -2754 1468 1196 67
-1807 -1274 1212 -570 -162 826
-2751 2239 875 389 281 896
-2959 2964 514 1987 148 1513
2669 -1863 -552 365 2000 1989
2558 -2893 2147 607 916 -1764
1715 -2715 -3195 -1703 -2065 470
-3042 -3059 -2265 1857 531 671
966 -1240 -2723 631 -1061 397
514 838 -3019 631 1513 -447
-2080 2324 579 1066 2139 2060
1547 -3121 -295 -305 48 -699
678 -2092 2165 -1796 175 -1501
-1246 -458 3110 -2120 1317 358
-1467 3058 -540 -623 -1572 -1146
885 351 652 1826 -184 439
932 3018 1176 -2070 -982 907
-2733 -1413 -138 827 -1690 1458
1388 -2210 2964 -1753 -2049 -1035
-3189 -1691 -2617 1046 443 1056
-2219 18 442 1818 -265 1370
-1450 3155 -389 1568 1373 1478
582 -1820 -2356 1261 -756 298
1054 -453 -2578 -345 -612 -1923
769 -2860 1241 1000 335 543
2849 641 1270 1683 -1308 1545
496 2394 -2991 1366 -10 1619
-1242 641 2958 348 491 -219
-2339 -194 2904 -1013 321 -1285
-494 -442 2881 2219 522 -360
-1698 -2717 -2876 -1023 1451 -894
2222 2475 1899 1837 619 -1646
-2689 1942 3111 1195 2238 -139
-594 -3226 -2899 105 -228 -420
2706 -1056 -987 608 1885 -1324
-495 -1092 -170 -1177 145 -597
-201 500 -1354 -2065 1197 315
-2721 59 1881 687 -1418 -1839
-2769 -672 581 1568 -303 -1077
-776 -1843 1506 2238 1253 2078
-2384 -2421 -2917 633 -1888 607
64 -1239 1229 147 640 967
2928 951 81 428 -547 -401
-3126 2686 3014 -1059 -1728 -2145
-417 -2281 1051 -1272 310 2039
1123 498 1261 789 4 -1107
273 -5 1062 1480 -99 584
75 62 1108 -508 2235 398
-289 1749 1798 420 -1920 1938
-887 -1873 1883 2122 -2161 40
-927 1794 2986 -1487 1133 1766
201 -2504 -1599 1981 -1758 1047
-496 -2769 -1970 -912 1365 -1541
2501 -2149 1591 1669 -953 -1030
-519 957 -3119 1145 -708 -55
-2435 -3178 -1560 595 -389 -142
1094 -1945 3041 -1153 249 2042
-577 1885 -1231 1530 768 -2092
119 -1220 1025 -2105 -1628 -1386
1906 -3233 -2677 1318 -902 1106
3097 -2389 -1525 -2094 462 -3
962 2759 -2033 -1174 448 1420
-1571 -2048 -959 -137 -1365 267
2947 2500 1298 2066 -841 -840
12
575 50 76 2961 3675 -2836
-870 -130 -518 2486 737 2185
-245 -179 95 4547 4623 2819
191 304 269 480 -354 4475
-35 -596 44 2828 3995 -2565
693 -44 191 -2187 2713 332
251 633 -36 -2345 1531 3607
-473 -163 -406 4493 2009 2951
660 -228 -219 4757 -4440 -3823
-849 -380 402 2518 3217 1471
884 766 933 -4146 2941 2545
371 -298 747 3685 -1787 -3107
21
-2666 -2146 -435 687 1159 -747
1001 -403 1253 -1146 -107 860
619 -1739 -125 938 434 925
-399 -2286 1530 1003 -278 351
-2386 1800 2206 -359 846 1079
-9 -980 -2096 831 -1165 9
1912 836 -2467 581 770 -1387
-1875 539 -834 1098 472 1021
-684 -556 2610 -1378 -1173 1070
-1334 118 -144 991 1660 1461
1295 65 2474 -1263 713 1292
2054 -237 1874 688 746 -1220
-2564 -1926 1532 -983 -187 165
-1487 -907 -1751 503 1530 -1536
1699 1109 512 -1529 -867 -650
2636 -154 -1897 -1647 776 -684
-456 -2208 -1510 523 -215 1282
-1829 301 -783 -934 1249 -825
915 2380 -2246 679 -897 1639
-455 1752 1595 299 -874 962
2628 654 -1138 1634 -1035 -1640
11
-24 3008 -2390 1066 1341 1153
-3343 2929 -1733 -794 -325 -1246
-3810 -817 145 -125 -1289 1302
-2669 2219 -3563 794 -1080 458
-1666 3586 18 182 759 588
-1946 3559 159 562 -426 1456
-3208 -240 -1555 -849 726 -916
-2599 170 -2624 776 313 -1172
-3341 1150 286 -361 442 -458
3903 1168 1695 -1452 107 487
3167 2350 2801 -151 -608 1089
19
-2568 2193 -1871 47 15 -26
2164 2599 -2213 1890 1737 -1309
-270 -1082 2191 -1648 -1016 803
-1596 760 2456 432 -215 -217
-525 -53 -1612 -597 -1127 -648
-855 1815 1450 -590 1478 59
2679 111 -2671 1638 1065 516
-26 1246 -958 -997 1536 -942
1633 489 52 -1084 1562 -807
1987 -980 1023 -1484 1767 276
-780 1770 -1992 1616 196 1093
-982 1617 275 1218 -681 -1153
-381 318 1148 -85 -272 -1783
-297 2149 -403 533 1781 321
1252 -236 1541 -1015 1684 1468
2012 -394 2454 -758 1586 1350
-902 -2300 -985 22 872 -1665
2555 -2515 2349 -233 149 999
-1106 1790 -500 1647 -1614 -941
8
-744 363 -1328 1698 -782 -2041
104 1044 -839 2544 -2692 960
566 420 -244 -198 -102 1365
-1418 606 -825 -2056 -70 -839
1238 1423 -360 2276 -2672 -579
-126 -621 -880 -22 -125 999
-829 235 -217 561 -2109 -462
701 -117 1367 -1161 -2706 -806
12
161 -350 580 -2865 -2551 -1831
300 -53 118 -539 3036 1948
-241 -125 -380 -410 3766 1920
412 -227 -32 -2545 900 2797
433 291 549 -2876 4041 176
-84 -30 565 -738 -4187 -3094
518 -54 332 1137 -2157 3153
-201 501 104 4413 -3640 2639
74 292 -534 -1929 1098 -4531
251 -71 251 3472 -4555 -4177
-253 291 -150 2880 3058 2315
-159 -344 210 726 3812 -1127
